586 10.0
     -15374.2      570.973
     -15332.5      573.568
     -15290.8      553.704
     -15249.1      529.419
     -15207.3      485.501
     -15165.6      754.165
     -15123.9      1642.39
     -15082.2      3562.62
     -15040.5      2086.09
     -14998.7     -895.723
     -14957.0      698.588
     -14915.3      1722.25
     -14873.6      574.619
     -14831.9      575.685
     -14790.1      613.172
     -14748.4      590.102
     -14706.7      591.268
     -14665.0      579.749
     -14623.3      599.469
     -14581.6      594.526
     -14539.8      574.377
     -14498.1      589.799
     -14456.4      611.906
     -14414.7      635.576
     -14373.0      645.196
     -14331.3      623.627
     -14289.5      602.510
     -14247.8      597.364
     -14206.1      579.523
     -14164.4      550.757
     -14122.7      554.183
     -14081.0      565.307
     -14039.2      558.730
     -13997.5      530.578
     -13955.8      566.950
     -13914.1      536.773
     -13872.4      564.676
     -13830.7      618.479
     -13788.9      598.265
     -13747.2      582.503
     -13705.5      576.514
     -13663.8      573.703
     -13622.1      572.409
     -13580.4      594.273
     -13538.6      618.836
     -13496.9      613.741
     -13455.2      592.284
     -13413.5      563.375
     -13371.8      565.300
     -13330.1      575.216
     -13288.3      580.547
     -13246.6      628.269
     -13204.9      574.079
     -13163.2      566.132
     -13121.5      564.050
     -13079.7      582.148
     -13038.0      580.567
     -12996.3      602.993
     -12954.6      608.541
     -12912.9      628.358
     -12871.2      588.439
     -12829.4      571.158
     -12787.7      610.012
     -12746.0      618.183
     -12704.3      601.681
     -12662.6      600.560
     -12620.9      595.442
     -12579.1      625.591
     -12537.4      644.546
     -12495.7      646.723
     -12454.0      624.861
     -12412.3      602.104
     -12370.6      622.099
     -12328.8      548.803
     -12287.1      227.277
     -12245.4      724.893
     -12203.7      608.065
     -12162.0      554.026
     -12120.2      648.722
     -12078.5      806.804
     -12036.8      1281.47
     -11995.1      1195.14
     -11953.4      988.193
     -11911.7      798.974
     -11869.9      637.490
     -11828.2      582.807
     -11786.5      586.474
     -11744.8      579.431
     -11703.1      609.287
     -11661.4      590.826
     -11619.6      616.989
     -11577.9      627.245
     -11536.2      663.941
     -11494.5      691.588
     -11452.8      675.204
     -11411.0      614.144
     -11369.3      640.507
     -11327.6      638.441
     -11285.9      608.375
     -11244.2      607.228
     -11202.5      598.513
     -11160.7      584.858
     -11119.0      572.929
     -11077.3      563.054
     -11035.6      583.026
     -10993.9      590.940
     -10952.1      610.402
     -10910.4      603.871
     -10868.7      596.857
     -10827.0      598.186
     -10785.3      584.335
     -10743.5      587.661
     -10701.8      618.899
     -10660.1      618.378
     -10618.4      622.412
     -10576.7      615.237
     -10535.0      615.708
     -10493.2      624.965
     -10451.5      603.247
     -10409.8      597.122
     -10368.1      602.796
     -10326.4      595.259
     -10284.7      575.145
     -10242.9      609.675
     -10201.2      596.347
     -10159.5      605.528
     -10117.8      615.018
     -10076.1      622.623
     -10034.4      602.727
     -9992.65      600.209
     -9950.93      581.864
     -9909.21      587.943
     -9867.50      590.633
     -9825.78      598.883
     -9784.06      551.513
     -9742.34      578.054
     -9700.63      608.263
     -9658.91      572.026
     -9617.19      586.528
     -9575.48      576.555
     -9533.76      568.710
     -9492.04      572.300
     -9450.33      588.103
     -9408.61      567.346
     -9366.89      558.482
     -9325.18      542.457
     -9283.46      600.174
     -9241.74      615.231
     -9200.03      655.545
     -9158.31      740.160
     -9116.59      752.955
     -9074.88      751.071
     -9033.16      717.046
     -8991.44      619.539
     -8949.72      587.796
     -8907.99      628.389
     -8866.27      611.956
     -8824.55      592.380
     -8782.84      591.218
     -8741.12      623.303
     -8699.40      704.327
     -8657.68      732.072
     -8615.97      743.622
     -8574.25      701.025
     -8532.53      614.976
     -8490.82      574.040
     -8449.10      547.628
     -8407.38      560.648
     -8365.67      533.337
     -8323.95      564.146
     -8282.23      591.550
     -8240.52      572.322
     -8198.80      568.547
     -8157.08      637.139
     -8115.37      606.417
     -8073.65      597.587
     -8031.93      588.094
     -7990.22      601.429
     -7948.50      581.289
     -7906.78      565.386
     -7865.06      580.243
     -7823.35      594.388
     -7781.61      581.135
     -7739.89      569.564
     -7698.18      570.086
     -7656.46      563.476
     -7614.74      573.907
     -7573.02      591.791
     -7531.31      577.619
     -7489.59      549.366
     -7447.87      555.118
     -7406.16      621.579
     -7364.44      581.646
     -7322.72      590.075
     -7281.01      596.402
     -7239.29      572.249
     -7197.57      589.270
     -7155.86      601.185
     -7114.14      606.623
     -7072.42      597.017
     -7030.71      619.760
     -6988.99      590.146
     -6947.27      588.838
     -6905.56      560.374
     -6863.84      567.206
     -6822.10      586.260
     -6780.38      618.434
     -6738.67      609.434
     -6696.95      597.745
     -6655.23      608.137
     -6613.51      613.354
     -6571.80      603.169
     -6530.08      567.118
     -6488.36      585.040
     -6446.65      592.968
     -6404.93      587.354
     -6363.21      612.869
     -6321.50      599.898
     -6279.78      592.563
     -6238.06      589.098
     -6196.35      560.329
     -6154.63      596.055
     -6112.91      569.768
     -6071.20      554.645
     -6029.48      590.808
     -5987.76      584.242
     -5946.04      607.683
     -5904.33      604.854
     -5862.61      597.997
     -5820.90      598.608
     -5779.18      599.686
     -5737.46      582.439
     -5695.74      598.552
     -5654.03      627.896
     -5612.31      633.865
     -5570.59      623.017
     -5528.88      618.780
     -5487.16      627.652
     -5445.44      634.701
     -5403.73      638.326
     -5362.01      656.487
     -5320.29      621.431
     -5278.58      613.162
     -5236.86      611.987
     -5195.14      601.200
     -5153.43      621.743
     -5111.71      630.009
     -5069.99      620.389
     -5028.27      631.843
     -4986.56      649.971
     -4944.84      666.470
     -4903.12      675.433
     -4861.41      645.189
     -4819.69      636.625
     -4777.95      631.122
     -4736.23      644.476
     -4694.52      639.400
     -4652.80      622.044
     -4611.08      640.895
     -4569.37      647.906
     -4527.65      634.680
     -4485.93      655.395
     -4444.22      724.100
     -4402.50      671.716
     -4360.78      662.615
     -4319.07      706.503
     -4277.35      702.628
     -4235.63      688.946
     -4193.92      669.558
     -4152.20      657.547
     -4110.48      682.663
     -4068.76      698.963
     -4027.03      704.547
     -3985.31      694.854
     -3943.59      682.557
     -3901.88      677.588
     -3860.16      679.232
     -3818.44      680.713
     -3776.72      681.677
     -3735.01      693.871
     -3693.29      666.174
     -3651.57      731.981
     -3609.86      713.845
     -3568.14      736.414
     -3526.42      725.055
     -3484.71      717.538
     -3442.99      724.535
     -3401.27      726.134
     -3359.56      760.354
     -3317.84      748.371
     -3276.12      738.822
     -3234.41      791.632
     -3192.69      810.542
     -3150.97      755.074
     -3109.26      691.865
     -3067.54      739.932
     -3025.82      788.542
     -2984.10      806.005
     -2942.39      829.604
     -2900.67      872.926
     -2858.95      878.287
     -2817.24      931.223
     -2775.52      974.220
     -2733.80      987.737
     -2692.06      958.985
     -2650.35      1030.15
     -2608.63      1102.60
     -2566.91      1101.23
     -2525.20      1164.13
     -2483.48      1245.12
     -2441.76      1341.54
     -2400.05      1417.06
     -2358.33      1503.44
     -2316.61      1608.59
     -2274.90      1693.75
     -2233.18      1826.19
     -2191.46      1971.82
     -2149.75      2152.74
     -2108.03      2283.98
     -2066.31      2433.92
     -2024.60      2697.10
     -1982.88      2932.58
     -1941.16      3168.52
     -1899.44      3440.30
     -1857.73      3724.36
     -1816.01      4072.40
     -1774.29      4347.81
     -1732.58      4807.49
     -1690.86      5317.51
     -1649.14      5781.83
     -1607.43      6282.87
     -1565.71      7000.06
     -1523.99      7870.85
     -1482.28      8599.20
     -1440.56      9390.47
     -1398.84      10261.9
     -1357.13      11295.8
     -1315.41      12490.1
     -1273.69      13707.9
     -1231.97      15026.5
     -1190.26      16481.0
     -1148.54      17960.5
     -1106.82      19536.1
     -1065.11      21057.8
     -1023.39      22500.7
     -981.674      24085.1
     -939.957      25636.5
     -898.240      27120.8
     -856.523      28712.1
     -814.807      30339.5
     -773.090      31738.2
     -731.373      33077.0
     -689.656      34338.4
     -647.917      35386.9
     -606.200      36195.6
     -564.483      36826.6
     -522.766      37208.5
     -481.049      37288.6
     -439.333      37367.5
     -397.616      37240.4
     -355.899      36778.6
     -314.182      36018.8
     -272.443      34926.1
     -230.726      33817.4
     -189.009      32662.1
     -147.292      32020.0
     -105.576      32867.7
     -63.8587      36204.0
     -22.1418      38668.4
      19.5750      37798.4
      61.2918      34400.0
      103.009      29729.4
      144.726      25246.1
      186.442      22388.0
      228.159      20833.4
      269.876      19348.5
      311.593      18086.9
      353.310      16786.0
      395.027      15497.6
      436.743      14553.2
      478.460      13527.3
      520.177      12285.7
      561.894      11309.7
      603.611      10413.7
      645.328      9430.70
      687.044      8614.25
      728.761      7726.72
      770.478      6897.51
      812.195      6280.82
      853.912      6118.99
      895.629      6282.94
      937.346      5955.09
      979.062      5020.13
      1020.78      3981.21
      1062.50      3320.08
      1104.21      2856.78
      1145.93      2488.58
      1187.65      2231.08
      1229.36      2064.41
      1271.08      1906.94
      1312.80      1753.10
      1354.51      1607.03
      1396.23      1501.08
      1437.97      1429.44
      1479.69      1355.59
      1521.40      1294.26
      1563.12      1253.98
      1604.84      1171.92
      1646.55      1107.73
      1688.27      1050.48
      1729.99      989.348
      1771.70      1016.65
      1813.42      1021.73
      1855.14      948.936
      1896.86      874.902
      1938.57      876.986
      1980.29      844.990
      2022.01      850.083
      2063.72      852.471
      2105.44      833.955
      2147.16      788.024
      2188.87      806.347
      2230.59      828.000
      2272.31      798.391
      2314.02      741.689
      2355.74      735.714
      2397.46      740.313
      2439.17      740.300
      2480.89      734.976
      2522.61      720.397
      2564.32      715.432
      2606.04      698.052
      2647.76      673.251
      2689.48      675.325
      2731.19      682.901
      2772.91      661.833
      2814.63      643.379
      2856.34      644.922
      2898.06      638.200
      2939.78      669.858
      2981.49      692.431
      3023.21      675.603
      3064.93      647.208
      3106.64      631.703
      3148.36      624.458
      3190.08      637.297
      3231.79      640.353
      3273.51      626.769
      3315.23      632.285
      3356.95      644.293
      3398.66      654.237
      3440.38      657.102
      3482.12      649.852
      3523.86      645.290
      3565.57      629.849
      3607.29      596.708
      3649.01      606.034
      3690.72      624.761
      3732.44      617.420
      3774.16      606.943
      3815.87      608.780
      3857.59      582.939
      3899.31      577.118
      3941.03      609.524
      3982.74      617.685
      4024.46      629.231
      4066.18      623.416
      4107.89      636.053
      4149.61      617.415
      4191.33      648.377
      4233.04      650.113
      4274.76      630.354
      4316.48      604.303
      4358.19      654.535
      4399.91      660.420
      4441.63      660.291
      4483.34      646.991
      4525.06      637.114
      4566.78      630.576
      4608.49      661.912
      4650.21      659.432
      4691.93      671.101
      4733.65      687.131
      4775.36      715.657
      4817.08      680.938
      4858.80      688.565
      4900.51      674.574
      4942.23      652.162
      4983.95      648.213
      5025.66      652.295
      5067.38      673.603
      5109.10      670.805
      5150.81      680.144
      5192.53      733.171
      5234.25      814.192
      5275.96      799.947
      5317.68      740.191
      5359.40      679.206
      5401.11      644.627
      5442.83      609.314
      5484.55      576.368
      5526.27      574.936
      5567.98      603.359
      5609.72      606.593
      5651.44      595.919
      5693.15      592.584
      5734.87      578.016
      5776.59      564.086
      5818.31      559.978
      5860.02      551.428
      5901.74      556.654
      5943.46      564.458
      5985.17      532.575
      6026.89      515.646
      6068.61      515.726
      6110.32      567.358
      6152.04      575.585
      6193.76      557.803
      6235.47      556.632
      6277.19      545.428
      6318.91      540.860
      6360.62      554.313
      6402.34      547.007
      6444.06      552.005
      6485.78      563.508
      6527.49      555.141
      6569.21      536.814
      6610.93      539.235
      6652.64      551.271
      6694.36      535.815
      6736.08      543.881
      6777.79      534.880
      6819.51      572.833
      6861.23      660.213
      6902.94      905.459
      6944.66      1493.25
      6986.38      2141.74
      7028.09      2233.05
      7069.81      1897.68
      7111.53      1434.89
      7153.24      937.113
      7194.96      626.305
      7236.70      535.184
      7278.42      552.533
      7320.13      528.041
      7361.85      528.067
      7403.57      509.742
      7445.29      531.110
      7487.00      567.914
      7528.72      638.167
      7570.44      851.736
      7612.15      1354.26
      7653.87      1717.47
      7695.61      1676.96
      7737.33      1416.20
      7779.04      1067.77
      7820.76      747.208
      7862.48      589.157
      7904.19      535.061
      7945.91      521.588
      7987.63      507.949
      8029.34      510.904
      8071.06      513.977
      8112.78      519.938
      8154.49      527.762
      8196.21      527.864
      8237.93      514.137
      8279.64      513.907
      8321.36      508.845
      8363.08      507.456
      8404.79      517.784
      8446.51      523.524
      8488.23      511.838
      8529.95      499.330
      8571.66      492.966
      8613.38      493.914
      8655.10      503.601
      8696.81      513.643
      8738.53      506.214
      8780.25      477.517
      8821.96      493.863
      8863.68      512.443
      8905.40      505.713
      8947.11      519.928
      8988.83      494.948
      9030.55      493.307
