213 Hbeta SN2010jl d1287
1287
 -5.9804941E+03  5.2194940E+02
 -5.9242246E+03  5.2413702E+02
 -5.8679370E+03  5.3910742E+02
 -5.8116675E+03  5.3208282E+02
 -5.7553804E+03  5.3728339E+02
 -5.6990928E+03  5.5500873E+02
 -5.6428232E+03  5.6199792E+02
 -5.5865356E+03  5.5820850E+02
 -5.5302661E+03  5.6846143E+02
 -5.4739790E+03  5.8421771E+02
 -5.4177095E+03  5.8688843E+02
 -5.3614219E+03  5.7198529E+02
 -5.3051523E+03  5.6011353E+02
 -5.2488647E+03  5.8406860E+02
 -5.1925952E+03  5.8166333E+02
 -5.1363081E+03  5.6763757E+02
 -5.0800381E+03  5.5663953E+02
 -5.0237510E+03  5.4750201E+02
 -4.9674634E+03  5.5425031E+02
 -4.9111938E+03  5.4307751E+02
 -4.8549067E+03  5.3040802E+02
 -4.7986729E+03  5.3176019E+02
 -4.7423853E+03  5.5665839E+02
 -4.6860977E+03  5.7160382E+02
 -4.6298281E+03  5.6234271E+02
 -4.5735410E+03  5.5293768E+02
 -4.5172715E+03  5.6006189E+02
 -4.4609839E+03  5.8609302E+02
 -4.4047144E+03  5.8033441E+02
 -4.3484268E+03  5.7391498E+02
 -4.2921572E+03  5.8066290E+02
 -4.2358701E+03  5.6436353E+02
 -4.1796006E+03  5.5687762E+02
 -4.1233130E+03  5.6744873E+02
 -4.0670435E+03  5.9148651E+02
 -4.0107559E+03  5.9322693E+02
 -3.9544685E+03  5.8217181E+02
 -3.8981990E+03  5.8468707E+02
 -3.8419116E+03  5.9923962E+02
 -3.7856421E+03  5.8436371E+02
 -3.7293545E+03  5.7272021E+02
 -3.6730850E+03  5.7244879E+02
 -3.6167976E+03  5.5050128E+02
 -3.5605281E+03  5.6198578E+02
 -3.5042407E+03  5.6944983E+02
 -3.4479709E+03  5.7387512E+02
 -3.3916836E+03  5.8804712E+02
 -3.3354141E+03  6.0171771E+02
 -3.2791267E+03  5.9925293E+02
 -3.2228750E+03  5.9108838E+02
 -3.1666055E+03  6.0202417E+02
 -3.1103179E+03  6.0040491E+02
 -3.0540483E+03  6.1270850E+02
 -2.9977610E+03  6.2460529E+02
 -2.9414736E+03  6.4275500E+02
 -2.8852041E+03  6.4674738E+02
 -2.8289165E+03  6.3748431E+02
 -2.7726470E+03  6.1980688E+02
 -2.7163596E+03  6.0895178E+02
 -2.6600901E+03  5.9143262E+02
 -2.6038027E+03  5.8880042E+02
 -2.5475332E+03  6.0301599E+02
 -2.4912456E+03  6.1724292E+02
 -2.4349761E+03  6.2852887E+02
 -2.3786887E+03  6.3315741E+02
 -2.3224192E+03  6.2224182E+02
 -2.2661316E+03  6.1102142E+02
 -2.2098442E+03  6.1974982E+02
 -2.1535747E+03  6.1521332E+02
 -2.0972874E+03  6.2545508E+02
 -2.0410177E+03  6.5047369E+02
 -1.9847303E+03  6.6706958E+02
 -1.9284608E+03  6.7138953E+02
 -1.8721733E+03  6.9939539E+02
 -1.8158680E+03  7.1468250E+02
 -1.7595985E+03  7.2345148E+02
 -1.7033468E+03  7.4131348E+02
 -1.6470593E+03  7.5063812E+02
 -1.5907898E+03  7.7194135E+02
 -1.5345024E+03  7.9917975E+02
 -1.4782328E+03  8.2175140E+02
 -1.4219454E+03  8.5597394E+02
 -1.3656580E+03  8.9812482E+02
 -1.3093884E+03  9.7204523E+02
 -1.2531011E+03  1.0911639E+03
 -1.1968314E+03  1.2451510E+03
 -1.1405441E+03  1.3500341E+03
 -1.0842745E+03  1.4523280E+03
 -1.0279871E+03  1.5201010E+03
 -9.7171753E+02  1.6421649E+03
 -9.1543005E+02  1.7667821E+03
 -8.5916052E+02  1.8891949E+03
 -8.0287311E+02  1.9582760E+03
 -7.4660352E+02  2.0866260E+03
 -6.9031610E+02  2.2204150E+03
 -6.3402869E+02  2.3177310E+03
 -5.7775916E+02  2.4139641E+03
 -5.2147174E+02  2.4330520E+03
 -4.6520215E+02  2.4096050E+03
 -4.0891473E+02  2.4531370E+03
 -3.5264517E+02  2.3974790E+03
 -2.9635776E+02  2.3730769E+03
 -2.4008820E+02  2.4089541E+03
 -1.8383652E+02  2.9229619E+03
 -1.2754909E+02  4.1318799E+03
 -7.1279533E+01  5.0489961E+03
 -1.4992111E+01  4.9130840E+03
  4.1277443E+01  4.2041660E+03
  9.7564865E+01  3.2915303E+03
  1.5385229E+02  2.3933140E+03
  2.1010397E+02  1.8997990E+03
  2.6639142E+02  1.7017810E+03
  3.2267883E+02  1.6146490E+03
  3.7896625E+02  1.5027430E+03
  4.3525366E+02  1.4111851E+03
  4.9150537E+02  1.3322120E+03
  5.4779279E+02  1.2305300E+03
  6.0408020E+02  1.1722080E+03
  6.6036761E+02  1.0793120E+03
  7.1661932E+02  9.9059290E+02
  7.7290674E+02  9.2260803E+02
  8.2919415E+02  8.7857397E+02
  8.8548157E+02  8.0495953E+02
  9.4173328E+02  7.4648462E+02
  9.9802069E+02  7.0481372E+02
  1.0543081E+03  6.9252722E+02
  1.1105956E+03  6.7314081E+02
  1.1668829E+03  6.6744159E+02
  1.2231346E+03  6.3760468E+02
  1.2794221E+03  6.3194019E+02
  1.3356738E+03  6.3048999E+02
  1.3919612E+03  6.1554651E+02
  1.4482487E+03  6.2181927E+02
  1.5045004E+03  6.4061969E+02
  1.5607877E+03  6.4321411E+02
  1.6170752E+03  6.5449939E+02
  1.6733625E+03  6.6579419E+02
  1.7296143E+03  6.5369220E+02
  1.7859017E+03  6.3534161E+02
  1.8421891E+03  6.5600702E+02
  1.8984766E+03  6.4745709E+02
  1.9547283E+03  6.4338562E+02
  2.0110156E+03  6.5214423E+02
  2.0673030E+03  6.4777399E+02
  2.1235906E+03  6.3867902E+02
  2.1798779E+03  6.3681500E+02
  2.2361296E+03  6.2521899E+02
  2.2924170E+03  6.0441412E+02
  2.3487043E+03  5.9979968E+02
  2.4049919E+03  6.1467761E+02
  2.4612437E+03  6.1773499E+02
  2.5175310E+03  6.1984021E+02
  2.5738184E+03  6.2448682E+02
  2.6301060E+03  6.4488208E+02
  2.6863574E+03  6.7787531E+02
  2.7426450E+03  6.7534851E+02
  2.7989324E+03  6.5232751E+02
  2.8552197E+03  6.3972601E+02
  2.9114714E+03  6.2775018E+02
  2.9677231E+03  6.2204163E+02
  3.0240105E+03  6.4498767E+02
  3.0802981E+03  6.4855359E+02
  3.1365854E+03  6.7927649E+02
  3.1928728E+03  6.7227637E+02
  3.2491604E+03  6.6954718E+02
  3.3054478E+03  6.8709692E+02
  3.3617351E+03  6.6512769E+02
  3.4179868E+03  6.6718512E+02
  3.4742742E+03  6.6996863E+02
  3.5305618E+03  6.7683368E+02
  3.5868491E+03  6.8704053E+02
  3.6431365E+03  6.6769458E+02
  3.6993882E+03  6.6757233E+02
  3.7556755E+03  6.8627911E+02
  3.8119631E+03  6.7671210E+02
  3.8682505E+03  6.7897839E+02
  3.9245022E+03  6.5028497E+02
  3.9807896E+03  6.4984723E+02
  4.0370771E+03  6.7130627E+02
  4.0933645E+03  6.6335553E+02
  4.1496162E+03  6.6317273E+02
  4.2059033E+03  6.6233142E+02
  4.2621909E+03  6.4949957E+02
  4.3184785E+03  6.3867358E+02
  4.3747656E+03  6.3286523E+02
  4.4309819E+03  6.2679822E+02
  4.4872690E+03  5.9579480E+02
  4.5435566E+03  5.8301941E+02
  4.5998442E+03  5.9876221E+02
  4.6561313E+03  6.0726660E+02
  4.7123833E+03  6.0342609E+02
  4.7686704E+03  5.9150372E+02
  4.8249580E+03  6.1460120E+02
  4.8812456E+03  6.2932611E+02
  4.9374971E+03  6.2976318E+02
  4.9937847E+03  6.2503009E+02
  5.0500718E+03  6.2224152E+02
  5.1063594E+03  6.2593286E+02
  5.1626113E+03  6.4386578E+02
  5.2188984E+03  6.4305353E+02
  5.2751860E+03  6.5168597E+02
  5.3314731E+03  6.4518976E+02
  5.3877607E+03  6.5096997E+02
  5.4440127E+03  6.4506982E+02
  5.5002998E+03  6.3374286E+02
  5.5565874E+03  6.3773969E+02
  5.6128745E+03  6.3506787E+02
  5.6691265E+03  6.3782526E+02
  5.7254141E+03  6.4750031E+02
  5.7817012E+03  8.0768622E+02
  5.8379888E+03  1.6132260E+03
  5.8942402E+03  2.9733911E+03
  5.9504922E+03  3.9309260E+03
