  5.7666377E+03  9.9616508E-17
  5.7683789E+03  8.2249401E-17
  5.7701201E+03  5.9497077E-17
  5.7718613E+03  5.1028924E-17
  5.7736025E+03  5.5776643E-17
  5.7753438E+03  6.8303102E-17
  5.7770850E+03  7.2539233E-17
  5.7788262E+03  5.6133383E-17
  5.7805674E+03  3.0222155E-17
  5.7823086E+03  7.9708977E-18
  5.7840503E+03  7.3368935E-19
  5.7857915E+03  1.4251806E-17
  5.7875327E+03  2.2636069E-17
  5.7892739E+03  3.6353529E-18
  5.7910151E+03 -1.9527699E-17
  5.7927563E+03 -2.3052816E-17
  5.7944976E+03 -1.5104480E-17
  5.7962388E+03 -6.8439571E-18
  5.7979800E+03 -7.3960204E-19
  5.7997212E+03  1.4513843E-18
  5.8014624E+03 -3.4395227E-18
  5.8032036E+03 -1.6419148E-17
  5.8049448E+03 -2.9281333E-17
  5.8066860E+03 -3.3359757E-17
  5.8084272E+03 -2.2126198E-17
  5.8101685E+03  7.0651018E-18
  5.8119097E+03  3.1101809E-17
  5.8136509E+03  2.6947845E-17
  5.8153921E+03  9.8543350E-18
  5.8171333E+03  8.5969543E-19
  5.8188745E+03  4.9247819E-18
  5.8206157E+03  2.2360366E-17
  5.8223569E+03  4.3034697E-17
  5.8240981E+03  5.4999451E-17
  5.8258394E+03  4.8753172E-17
  5.8275806E+03  1.8423804E-17
  5.8293218E+03 -7.5849319E-18
  5.8310630E+03  2.6821927E-18
  5.8328042E+03  2.5105612E-17
  5.8345454E+03  2.4848654E-17
  5.8362866E+03  6.0585289E-18
  5.8380278E+03 -1.7739074E-17
  5.8397690E+03 -3.5776766E-17
  5.8415103E+03 -3.8160790E-17
  5.8432515E+03 -3.2388618E-17
  5.8449927E+03 -3.0951540E-17
  5.8467339E+03 -3.0823291E-17
  5.8484751E+03 -2.4686954E-17
  5.8502163E+03 -1.8570307E-17
  5.8519575E+03 -2.1886091E-17
  5.8536987E+03 -1.8624289E-17
  5.8554399E+03  1.3175648E-17
  5.8571812E+03  5.0567486E-17
  5.8589224E+03  5.7740641E-17
  5.8606636E+03  4.1934166E-17
  5.8624048E+03  2.5222471E-17
  5.8641460E+03  1.3345907E-17
  5.8658872E+03  6.4126519E-18
  5.8676284E+03  8.1147444E-18
  5.8693696E+03  2.2281271E-17
  5.8711108E+03  3.5104344E-17
  5.8728521E+03  2.6326553E-17
  5.8745933E+03  5.8498213E-18
  5.8763345E+03 -4.2193590E-18
  5.8780757E+03 -7.1546226E-18
  5.8798169E+03 -1.5332458E-17
  5.8815581E+03 -3.5470120E-17
  5.8832993E+03 -7.2736096E-17
  5.8850405E+03 -1.0221222E-16
  5.8867817E+03 -8.6335838E-17
  5.8885229E+03 -3.3954461E-17
  5.8902642E+03  2.4225126E-17
  5.8920054E+03  6.0772046E-17
  5.8937466E+03  4.8469637E-17
  5.8954878E+03  1.3939608E-17
  5.8972290E+03  1.5354226E-17
  5.8989702E+03  3.7873890E-17
  5.9007114E+03  2.5910486E-17
  5.9024526E+03 -1.1375447E-17
  5.9041938E+03 -2.9853177E-17
  5.9059351E+03 -2.2398059E-17
  5.9076763E+03 -1.5037515E-18
  5.9094175E+03  1.6694662E-17
  5.9111587E+03  1.2170107E-17
  5.9128999E+03 -8.3089366E-18
  5.9146411E+03 -2.1272488E-17
  5.9163823E+03 -1.1443124E-17
  5.9181235E+03  3.3132395E-17
  5.9198647E+03  8.4685401E-17
  5.9216060E+03  8.5588206E-17
  5.9233472E+03  4.1024740E-17
  5.9250884E+03  2.7254013E-18
  5.9268296E+03 -1.1173304E-17
  5.9285708E+03 -5.7398890E-18
  5.9303120E+03  5.3810580E-18
  5.9320532E+03 -2.3704382E-18
  5.9337944E+03 -2.2972187E-17
  5.9355356E+03 -2.3369558E-17
  5.9372769E+03 -1.7707422E-18
  5.9390181E+03  1.8330825E-17
  5.9407593E+03  2.1589768E-17
  5.9425005E+03 -2.6076505E-18
  5.9442417E+03 -4.1124710E-17
  5.9459829E+03 -5.7228643E-17
  5.9477241E+03 -4.2218604E-17
  5.9494653E+03 -1.4347166E-17
  5.9512065E+03  7.7433436E-18
  5.9529478E+03  3.3957747E-18
  5.9546890E+03 -2.6314996E-17
  5.9564302E+03 -5.5240491E-17
  5.9581714E+03 -7.0131099E-17
  5.9599126E+03 -7.3000714E-17
  5.9616538E+03 -6.3124389E-17
  5.9633950E+03 -3.8387527E-17
  5.9651362E+03 -1.6100045E-18
  5.9668774E+03  4.1141806E-17
  5.9686187E+03  7.6748822E-17
  5.9703599E+03  8.3674785E-17
  5.9721011E+03  5.8203631E-17
  5.9738423E+03  1.7094412E-17
  5.9755835E+03 -1.5909254E-17
  5.9773247E+03 -4.9742870E-18
  5.9790659E+03  4.6174337E-17
  5.9808071E+03  7.5695364E-17
  5.9825483E+03  5.8000806E-17
  5.9842896E+03  2.1494010E-17
  5.9860308E+03 -1.2212667E-17
  5.9877720E+03 -3.0023493E-17
  5.9895132E+03 -2.7530225E-17
  5.9912544E+03 -1.6928986E-17
  5.9929956E+03 -8.1097250E-18
  5.9947368E+03 -8.0294852E-18
  5.9964780E+03 -1.1308204E-17
  5.9982192E+03  1.4450071E-17
  5.9999604E+03  6.9221121E-17
  6.0017017E+03  9.0965912E-17
  6.0034429E+03  5.5543034E-17
  6.0051841E+03  1.0409684E-17
  6.0069253E+03 -1.3325420E-17
  6.0086665E+03 -1.7264004E-17
  6.0104077E+03 -6.0262887E-18
  6.0121489E+03  8.1451681E-18
  6.0138901E+03  1.4562670E-17
  6.0156313E+03  8.3001817E-18
  6.0173726E+03 -7.8746403E-18
  6.0191138E+03 -1.3119343E-17
  6.0208550E+03  1.2582377E-18
  6.0225962E+03  1.3274350E-17
  6.0243374E+03  9.3395606E-18
  6.0260786E+03 -2.3876072E-18
  6.0278198E+03 -1.4082929E-17
  6.0295610E+03 -1.9840939E-17
  6.0313022E+03 -1.5738683E-17
  6.0330435E+03 -2.4685452E-18
  6.0347847E+03  1.4717409E-17
  6.0365259E+03  1.7979283E-17
  6.0382671E+03 -1.2369659E-19
  6.0400083E+03 -1.5855160E-17
  6.0417495E+03 -1.2203326E-17
  6.0434907E+03  6.1670715E-18
  6.0452319E+03  2.8524867E-17
  6.0469731E+03  2.4542704E-17
  6.0487144E+03 -1.9757973E-17
  6.0504556E+03 -6.0832450E-17
  6.0521968E+03 -6.5068356E-17
  6.0539380E+03 -4.2897342E-17
  6.0556792E+03 -1.0821355E-17
  6.0574204E+03  5.9341937E-20
  6.0591616E+03 -2.7725003E-17
  6.0609028E+03 -5.3057823E-17
  6.0626440E+03 -4.2035016E-17
  6.0643853E+03 -6.0227947E-18
  6.0661265E+03  3.7669805E-17
  6.0678677E+03  6.1707052E-17
  6.0696089E+03  4.7235454E-17
  6.0713501E+03  1.7427296E-17
  6.0730913E+03 -3.5433274E-18
  6.0748325E+03 -9.5428452E-18
  6.0765737E+03  4.5996536E-19
  6.0783149E+03  8.4317068E-18
  6.0800562E+03 -3.7230407E-19
  6.0817974E+03 -6.4704752E-18
  6.0835386E+03  7.3259086E-18
  6.0852798E+03  2.8762916E-17
  6.0870210E+03  4.3433163E-17
  6.0887622E+03  3.6387222E-17
  6.0905034E+03 -2.7429309E-20
  6.0922446E+03 -2.6103545E-17
  6.0939858E+03 -6.5240397E-18
  6.0957271E+03  2.4854617E-17
  6.0974683E+03  3.0604154E-17
  6.0992095E+03  1.5132694E-17
  6.1009507E+03 -1.0210668E-17
  6.1026919E+03 -2.6710320E-17
  6.1044331E+03 -1.7984296E-17
  6.1061743E+03  1.5360082E-18
  6.1079155E+03  1.3442364E-17
  6.1096567E+03  1.0554768E-17
  6.1113979E+03 -9.8741741E-18
  6.1131392E+03 -2.2360287E-17
  6.1148804E+03 -1.4817121E-18
  6.1166216E+03  2.1114725E-17
  6.1183628E+03  8.4203446E-18
  6.1201040E+03 -2.1693415E-17
  6.1218452E+03 -4.2170892E-17
  6.1235864E+03 -4.4305924E-17
  6.1253276E+03 -2.4548638E-17
  6.1270688E+03 -1.8761317E-18
  6.1288101E+03  1.0023609E-18
  6.1305513E+03  2.5809491E-18
  6.1322925E+03  2.7757415E-17
  6.1340337E+03  5.5602221E-17
  6.1357749E+03  5.7363361E-17
  6.1375161E+03  3.1711173E-17
  6.1392573E+03 -1.4067940E-17
  6.1409985E+03 -5.2920302E-17
  6.1427397E+03 -5.4776171E-17
  6.1444810E+03 -3.1638474E-17
  6.1462222E+03 -8.1060325E-18
  6.1479634E+03  6.4930601E-18
  6.1497046E+03  7.7605820E-18
  6.1514458E+03  3.4722759E-18
  6.1531870E+03  5.4431859E-18
  6.1549282E+03  1.6678509E-17
  6.1566694E+03  3.7128667E-17
  6.1584106E+03  5.1105051E-17
  6.1601519E+03  3.8257348E-17
  6.1618931E+03  1.5991198E-17
  6.1636343E+03  1.4295474E-17
  6.1653755E+03  2.6633143E-17
  6.1671167E+03  3.3580701E-17
  6.1688579E+03  2.7043100E-17
  6.1705991E+03  3.4691324E-18
  6.1723403E+03 -2.6722826E-17
  6.1740815E+03 -4.7274659E-17
  6.1758228E+03 -5.1311003E-17
  6.1775640E+03 -3.6609657E-17
  6.1793052E+03 -1.5469336E-17
  6.1810464E+03 -7.2568489E-18
  6.1827876E+03 -9.3038926E-18
  6.1845288E+03 -8.4647807E-18
  6.1862700E+03 -5.2621558E-18
  6.1880112E+03 -5.4367008E-18
  6.1897524E+03 -1.4533577E-17
  6.1914937E+03 -3.8969584E-17
  6.1932349E+03 -6.4398155E-17
  6.1949761E+03 -6.5017164E-17
  6.1967173E+03 -4.8589535E-17
  6.1984585E+03 -4.1826623E-17
  6.2001997E+03 -4.3840486E-17
  6.2019409E+03 -3.8578182E-17
  6.2036821E+03 -2.5057878E-17
  6.2054233E+03 -1.0019060E-17
  6.2071646E+03  2.0053472E-18
  6.2089058E+03  6.6073599E-18
  6.2106470E+03  8.6666757E-18
  6.2123882E+03  1.9919584E-17
  6.2141294E+03  3.5206461E-17
  6.2158706E+03  3.7980527E-17
  6.2176118E+03  2.7124672E-17
  6.2193530E+03  1.2082597E-17
  6.2210942E+03 -1.5581237E-18
  6.2228354E+03 -1.0289495E-17
  6.2245767E+03 -1.4500933E-17
  6.2263179E+03 -1.8262487E-17
  6.2280591E+03 -2.0976677E-17
  6.2298008E+03 -1.9094713E-17
  6.2315420E+03 -9.0882764E-18
  6.2332832E+03  1.3929996E-17
  6.2350244E+03  3.9541338E-17
  6.2367656E+03  4.3105583E-17
  6.2385068E+03  2.6174220E-17
  6.2402480E+03  1.4598573E-17
  6.2419893E+03  1.3614993E-17
  6.2437305E+03  9.7033547E-18
  6.2454717E+03 -9.5384843E-19
  6.2472129E+03 -1.4602067E-17
  6.2489541E+03 -2.5286547E-17
  6.2506953E+03 -2.3223294E-17
  6.2524365E+03 -1.0561062E-17
  6.2541777E+03 -2.9295263E-18
  6.2559189E+03 -4.1597590E-18
  6.2576602E+03 -4.6397917E-18
  6.2594014E+03 -1.5572833E-18
  6.2611426E+03 -5.5308604E-20
  6.2628838E+03  1.1971355E-18
  6.2646250E+03  1.1056520E-17
  6.2663662E+03  2.8091471E-17
  6.2681074E+03  3.9442595E-17
  6.2698486E+03  3.5827982E-17
  6.2715898E+03  1.0611834E-17
  6.2733311E+03 -2.6447113E-17
  6.2750723E+03 -4.2344742E-17
  6.2768135E+03 -2.6492451E-17
  6.2785547E+03 -7.7753323E-19
  6.2802959E+03  2.0965766E-17
  6.2820371E+03  3.7278261E-17
  6.2837783E+03  4.4679059E-17
  6.2855195E+03  3.8491745E-17
  6.2872607E+03  1.9151610E-17
  6.2890020E+03 -6.8504853E-18
  6.2907432E+03 -3.1411237E-17
  6.2924844E+03 -4.4757760E-17
  6.2942256E+03 -4.1480543E-17
  6.2959668E+03 -2.4064242E-17
  6.2977080E+03  3.5973357E-18
  6.2994492E+03  3.8757108E-17
  6.3011904E+03  7.0640854E-17
  6.3029316E+03  7.3098877E-17
  6.3046729E+03  3.9708236E-17
  6.3064141E+03 -1.4870292E-18
  6.3081553E+03 -2.2743055E-17
  6.3098965E+03  5.9219581E-18
  6.3116377E+03  8.2063649E-17
  6.3133789E+03  1.3329356E-16
  6.3151201E+03  1.1869225E-16
  6.3168613E+03  7.1201854E-17
  6.3186025E+03  2.1221570E-17
  6.3203438E+03 -1.0966665E-17
  6.3220850E+03 -1.4687194E-17
  6.3238262E+03 -7.8224287E-18
  6.3255674E+03 -3.3542207E-18
  6.3273086E+03  7.0763647E-18
  6.3290498E+03  2.3921296E-17
  6.3307910E+03  2.4045313E-17
  6.3325322E+03 -1.9775903E-19
  6.3342734E+03 -1.2069432E-17
  6.3360146E+03  9.3381908E-18
  6.3377559E+03  3.5532033E-17
  6.3394971E+03  4.3596319E-17
  6.3412383E+03  3.1114809E-17
  6.3429795E+03  2.6447512E-18
  6.3447207E+03 -1.6115751E-17
  6.3464619E+03 -8.5092301E-18
  6.3482031E+03  6.2180854E-18
  6.3499443E+03  1.1376136E-17
  6.3516855E+03  9.7801898E-18
  6.3534268E+03  3.1165949E-18
  6.3551680E+03 -1.8809541E-17
  6.3569092E+03 -5.6585771E-17
  6.3586504E+03 -7.3839052E-17
  6.3603916E+03 -4.5818755E-17
  6.3621328E+03  2.5661128E-19
  6.3638740E+03  3.6624212E-17
  6.3656152E+03  5.2372107E-17
  6.3673564E+03  4.3372206E-17
  6.3690977E+03  3.1610515E-17
  6.3708389E+03  3.5210372E-17
  6.3725801E+03  3.4009061E-17
  6.3743213E+03  1.1852651E-17
  6.3760625E+03 -1.0942491E-17
  6.3778037E+03 -1.5686580E-17
  6.3795449E+03 -7.0241101E-18
  6.3812861E+03  7.6390593E-18
  6.3830273E+03  2.0938519E-17
  6.3847686E+03  2.6618510E-17
  6.3865098E+03  2.7497133E-17
  6.3882510E+03  2.7582688E-17
  6.3899922E+03  2.9849011E-17
  6.3917334E+03  3.5827710E-17
  6.3934746E+03  3.5678540E-17
  6.3952158E+03  2.1144930E-17
  6.3969570E+03  2.3226603E-18
  6.3986982E+03 -9.1477110E-18
  6.4004395E+03 -4.7817392E-18
  6.4021807E+03  1.9359547E-17
  6.4039219E+03  3.6925697E-17
  6.4056631E+03  2.2173410E-17
  6.4074043E+03 -6.1052381E-18
  6.4091455E+03 -2.3385837E-17
  6.4108867E+03 -2.5226294E-17
  6.4126279E+03 -1.2202922E-17
  6.4143691E+03 -5.3670784E-20
  6.4161104E+03 -5.5885977E-18
  6.4178516E+03 -1.5667946E-17
  6.4195928E+03 -1.2920842E-17
  6.4213340E+03 -4.2554307E-18
  6.4230752E+03 -3.5721960E-19
  6.4248164E+03 -2.7037325E-18
  6.4265576E+03 -1.0360791E-17
  6.4282988E+03 -1.3409598E-17
  6.4300400E+03 -1.1051530E-18
  6.4317812E+03  2.0115640E-17
  6.4335225E+03  3.9395919E-17
  6.4352637E+03  5.4931890E-17
  6.4370049E+03  6.7066613E-17
  6.4387461E+03  7.0913731E-17
  6.4404873E+03  6.1912629E-17
  6.4422285E+03  4.4343432E-17
  6.4439697E+03  2.4897577E-17
  6.4457109E+03  1.4460196E-17
  6.4474521E+03  2.3791253E-17
  6.4491934E+03  3.7655015E-17
  6.4509346E+03  3.3996365E-17
  6.4526758E+03  1.7880349E-17
  6.4544170E+03  2.9416660E-18
  6.4561582E+03  2.5258059E-18
  6.4578994E+03  2.8553679E-17
  6.4596406E+03  6.8236008E-17
  6.4613818E+03  1.0000849E-16
  6.4631230E+03  1.1144862E-16
  6.4648643E+03  9.5066491E-17
  6.4666055E+03  6.6572455E-17
  6.4683467E+03  5.0607386E-17
  6.4700879E+03  5.4635637E-17
  6.4718291E+03  7.8317857E-17
  6.4735703E+03  1.0379343E-16
  6.4753115E+03  1.0570305E-16
  6.4770527E+03  8.8119312E-17
  6.4787939E+03  6.9010223E-17
  6.4805352E+03  5.6652899E-17
  6.4822764E+03  5.4556922E-17
  6.4840176E+03  6.4660020E-17
  6.4857588E+03  8.7199766E-17
  6.4875000E+03  1.0891406E-16
  6.4892412E+03  1.1059681E-16
  6.4909824E+03  9.3355816E-17
  6.4927236E+03  6.9289644E-17
  6.4944648E+03  5.1457761E-17
  6.4962061E+03  5.3057303E-17
  6.4979473E+03  7.2968977E-17
  6.4996885E+03  1.0107649E-16
  6.5014297E+03  1.2426700E-16
  6.5031709E+03  1.2802834E-16
  6.5049121E+03  1.1134674E-16
  6.5066533E+03  8.2686695E-17
  6.5083945E+03  5.0863068E-17
  6.5101357E+03  2.5298811E-17
  6.5118770E+03  1.0093910E-17
  6.5136182E+03  3.6895366E-18
  6.5153594E+03  1.0518075E-17
  6.5171006E+03  4.0119775E-17
  6.5188418E+03  7.7040466E-17
  6.5205830E+03  8.7471180E-17
  6.5223242E+03  7.2559886E-17
  6.5240654E+03  5.9625058E-17
  6.5258066E+03  6.0250234E-17
  6.5275479E+03  7.5477663E-17
  6.5292891E+03  9.3406697E-17
  6.5310303E+03  8.9382212E-17
  6.5327715E+03  6.5009620E-17
  6.5345127E+03  4.5031186E-17
  6.5362539E+03  3.8758375E-17
  6.5379951E+03  4.2675257E-17
  6.5397363E+03  5.0044500E-17
  6.5414775E+03  4.9771170E-17
  6.5432188E+03  4.0839938E-17
  6.5449600E+03  3.2246124E-17
  6.5467012E+03  3.1343117E-17
  6.5484424E+03  4.4444762E-17
  6.5501836E+03  6.7525778E-17
  6.5519248E+03  8.5254382E-17
  6.5536660E+03  9.0266978E-17
  6.5554072E+03  8.3678067E-17
  6.5571484E+03  7.0930433E-17
  6.5588896E+03  6.3916894E-17
  6.5606309E+03  6.2704208E-17
  6.5623721E+03  5.1815871E-17
  6.5641133E+03  2.9919761E-17
  6.5658545E+03  1.2689962E-17
  6.5675957E+03  9.0501996E-18
  6.5693369E+03  2.0480026E-17
  6.5710781E+03  4.1874950E-17
  6.5728193E+03  5.8111430E-17
  6.5745605E+03  6.3182001E-17
  6.5763018E+03  6.5654199E-17
  6.5780430E+03  6.6648351E-17
  6.5797842E+03  5.6210774E-17
  6.5815254E+03  3.3216916E-17
  6.5832666E+03  7.7798785E-18
  6.5850078E+03 -9.2123105E-18
  6.5867490E+03 -4.9692511E-18
  6.5884902E+03  2.1806364E-17
  6.5902314E+03  5.4497554E-17
  6.5919727E+03  7.7773176E-17
  6.5937139E+03  7.9107782E-17
  6.5954551E+03  5.7293560E-17
  6.5971963E+03  3.0447797E-17
  6.5989375E+03  1.4693110E-17
  6.6006787E+03  2.1604561E-17
  6.6024199E+03  5.0761321E-17
  6.6041611E+03  7.8480170E-17
  6.6059023E+03  8.8880199E-17
  6.6076436E+03  8.4803800E-17
  6.6093848E+03  6.9790750E-17
  6.6111260E+03  4.6342963E-17
  6.6128672E+03  2.2302596E-17
  6.6146084E+03  1.6127107E-17
  6.6163496E+03  3.4056389E-17
  6.6180908E+03  5.5197230E-17
  6.6198320E+03  6.3357429E-17
  6.6215732E+03  5.5988798E-17
  6.6233145E+03  3.4948517E-17
  6.6250557E+03  1.2619582E-17
  6.6267969E+03 -2.0893987E-18
  6.6285381E+03 -1.4528192E-17
  6.6302793E+03 -2.5715126E-17
  6.6320205E+03 -2.1829492E-17
  6.6337617E+03  2.5231821E-18
  6.6355029E+03  3.1106210E-17
  6.6372441E+03  4.8977520E-17
  6.6389854E+03  4.6530074E-17
  6.6407266E+03  2.2344541E-17
  6.6424678E+03 -1.6238879E-18
  6.6442090E+03 -8.4068086E-18
  6.6459502E+03 -2.9295594E-18
  6.6476914E+03  7.5275917E-18
  6.6494326E+03  1.2017445E-17
  6.6511738E+03  4.1202528E-18
  6.6529150E+03 -2.2064050E-18
  6.6546562E+03  3.3087721E-18
  6.6563975E+03  1.0816832E-17
  6.6581387E+03  1.1682216E-17
  6.6598799E+03  5.7178000E-18
  6.6616211E+03 -4.9443365E-18
  6.6633623E+03 -9.1371479E-18
  6.6651035E+03  4.5188215E-19
  6.6668447E+03  9.7243254E-18
  6.6685859E+03  6.9190023E-18
  6.6703271E+03 -9.1570217E-19
  6.6720684E+03 -5.6268498E-18
  6.6738096E+03  1.3880819E-18
  6.6755513E+03  2.3669896E-17
  6.6772925E+03  3.6469788E-17
  6.6790337E+03  2.0227395E-17
  6.6807749E+03 -2.9818736E-18
  6.6825161E+03 -1.0797478E-17
  6.6842573E+03 -1.0088308E-17
  6.6859985E+03 -9.3928145E-18
  6.6877397E+03 -6.5486698E-18
  6.6894810E+03  4.2592522E-19
  6.6912222E+03  1.3509387E-17
  6.6929634E+03  3.2659020E-17
  6.6947046E+03  3.8933026E-17
  6.6964458E+03  1.6715107E-17
  6.6981870E+03 -9.0488000E-18
  6.6999282E+03 -1.1702591E-17
  6.7016694E+03 -1.1008781E-19
  6.7034106E+03  1.1761694E-17
  6.7051519E+03  1.7382734E-17
  6.7068931E+03  1.2657451E-17
  6.7086343E+03  4.7552198E-18
  6.7103755E+03  3.0392535E-18
  6.7121167E+03  1.3495362E-17
  6.7138579E+03  3.9554258E-17
  6.7155991E+03  7.2793839E-17
  6.7173403E+03  1.0243748E-16
  6.7190815E+03  1.2466918E-16
  6.7208228E+03  1.3809987E-16
  6.7225640E+03  1.4540342E-16
  6.7243052E+03  1.5076175E-16
  6.7260464E+03  1.5782664E-16
  6.7277876E+03  1.6957050E-16
  6.7295288E+03  1.8364936E-16
  6.7312700E+03  1.9700176E-16
  6.7330112E+03  2.0627767E-16
  6.7347524E+03  2.0839781E-16
  6.7364937E+03  2.2663131E-16
  6.7382349E+03  2.8740686E-16
  6.7399761E+03  3.5573563E-16
  6.7417173E+03  3.8265272E-16
  6.7434585E+03  3.7513398E-16
  6.7451997E+03  3.5746376E-16
  6.7469409E+03  3.4699981E-16
  6.7486821E+03  3.5916534E-16
  6.7504233E+03  3.8978167E-16
  6.7521646E+03  4.2551118E-16
  6.7539058E+03  4.6948130E-16
  6.7556470E+03  5.2956923E-16
  6.7573882E+03  5.7478915E-16
  6.7591294E+03  5.6410086E-16
  6.7608706E+03  5.1967509E-16
  6.7626118E+03  4.8651815E-16
  6.7643530E+03  4.8001924E-16
  6.7660942E+03  5.0397772E-16
  6.7678354E+03  5.3656297E-16
  6.7695767E+03  5.4403317E-16
  6.7713179E+03  5.3745389E-16
  6.7730591E+03  5.4680413E-16
  6.7748003E+03  5.6914113E-16
  6.7765415E+03  5.8846238E-16
  6.7782827E+03  5.9538020E-16
  6.7800239E+03  5.8247004E-16
  6.7817651E+03  5.6305350E-16
  6.7835063E+03  5.6138543E-16
  6.7852476E+03  5.7026329E-16
  6.7869888E+03  5.6657706E-16
  6.7887300E+03  5.5264463E-16
  6.7904712E+03  5.4309275E-16
  6.7922124E+03  5.4234609E-16
  6.7939536E+03  5.4995149E-16
  6.7956948E+03  5.5917171E-16
  6.7974360E+03  5.5944382E-16
  6.7991772E+03  5.4788717E-16
  6.8009185E+03  5.2673104E-16
  6.8026597E+03  5.0209170E-16
  6.8044009E+03  4.8161875E-16
  6.8061421E+03  4.7252749E-16
  6.8078833E+03  4.8255716E-16
  6.8096245E+03  4.9406267E-16
  6.8113657E+03  4.7216062E-16
  6.8131069E+03  4.2099168E-16
  6.8148481E+03  3.7129070E-16
  6.8165894E+03  3.4040952E-16
  6.8183306E+03  3.3803931E-16
  6.8200718E+03  3.4923047E-16
  6.8218130E+03  3.3715919E-16
  6.8235542E+03  3.0505145E-16
  6.8252954E+03  2.9027454E-16
  6.8270366E+03  2.9065475E-16
  6.8287778E+03  2.7095623E-16
  6.8305190E+03  2.3643416E-16
  6.8322603E+03  2.2566943E-16
  6.8340015E+03  2.4338240E-16
  6.8357427E+03  2.6609021E-16
  6.8374839E+03  2.7789666E-16
  6.8392251E+03  2.6803929E-16
  6.8409663E+03  2.4040500E-16
  6.8427075E+03  2.1473492E-16
  6.8444487E+03  1.9872343E-16
  6.8461899E+03  1.8798810E-16
  6.8479312E+03  1.7696498E-16
  6.8496724E+03  1.5657626E-16
  6.8514136E+03  1.3147653E-16
  6.8531548E+03  1.2355157E-16
  6.8548960E+03  1.3190643E-16
  6.8566372E+03  1.2897445E-16
  6.8583784E+03  1.0769834E-16
  6.8601196E+03  8.4951250E-17
  6.8618608E+03  6.9011659E-17
  6.8636021E+03  5.8753858E-17
  6.8653433E+03  5.2468721E-17
  6.8670845E+03  4.6202219E-17
  6.8688257E+03  3.8957044E-17
  6.8705669E+03  3.3989824E-17
  6.8723081E+03  3.3738944E-17
  6.8740493E+03  4.1147325E-17
  6.8757905E+03  5.0930701E-17
  6.8775317E+03  4.3535330E-17
  6.8792729E+03  1.9733406E-17
  6.8810142E+03  1.2366105E-17
  6.8827554E+03  3.2421496E-17
  6.8844966E+03  5.6552175E-17
  6.8862378E+03  6.9361358E-17
  6.8879790E+03  6.8569885E-17
  6.8897202E+03  5.3455803E-17
  6.8914614E+03  2.5652267E-17
  6.8932026E+03 -4.9760142E-18
  6.8949438E+03 -1.5742531E-17
  6.8966851E+03  3.3266491E-18
  6.8984263E+03  4.1257731E-17
  6.9001675E+03  7.9267454E-17
  6.9019087E+03  8.3098750E-17
  6.9036499E+03  4.3133287E-17
  6.9053911E+03 -1.8990876E-18
  6.9071323E+03 -2.2997533E-17
  6.9088735E+03 -1.1424635E-17
  6.9106147E+03  2.6780244E-17
  6.9123560E+03  5.0293491E-17
  6.9140972E+03  3.9492223E-17
  6.9158384E+03  3.2593093E-17
  6.9175796E+03  4.8571390E-17
  6.9193208E+03  5.5538587E-17
  6.9210620E+03  3.6075007E-17
  6.9228032E+03  6.6663805E-18
  6.9245444E+03 -1.5449772E-17
  6.9262856E+03 -9.3371618E-18
  6.9280269E+03  3.0650913E-17
  6.9297681E+03  6.9089347E-17
  6.9315093E+03  7.8318810E-17
  6.9332505E+03  5.6941744E-17
  6.9349917E+03  1.3496154E-17
  6.9367329E+03 -2.0538163E-17
  6.9384741E+03 -2.0771925E-17
  6.9402153E+03  1.2687945E-17
  6.9419565E+03  6.8063452E-17
  6.9436978E+03  1.0405275E-16
  6.9454390E+03  9.2137696E-17
  6.9471802E+03  5.2581082E-17
  6.9489214E+03  9.3475247E-18
  6.9506626E+03 -1.5769103E-17
  6.9524038E+03 -9.9491928E-18
  6.9541450E+03  5.2914942E-18
  6.9558862E+03  9.3282216E-18
  6.9576274E+03 -2.7247528E-18
  6.9593687E+03 -2.8727936E-17
  6.9611099E+03 -3.9850151E-17
  6.9628511E+03 -1.5772379E-17
  6.9645923E+03  1.5141263E-17
  6.9663335E+03  2.6980142E-17
  6.9680747E+03  2.4657632E-17
  6.9698159E+03  1.7094945E-17
  6.9715571E+03  2.1959339E-17
  6.9732983E+03  5.1039181E-17
  6.9750396E+03  7.9019902E-17
  6.9767808E+03  8.2234002E-17
  6.9785220E+03  6.9478136E-17
  6.9802632E+03  5.2363362E-17
  6.9820044E+03  3.4353760E-17
  6.9837456E+03  1.8338882E-17
  6.9854868E+03  3.5908738E-18
  6.9872280E+03 -1.0767112E-17
  6.9889692E+03 -2.0039916E-17
  6.9907104E+03 -2.0180146E-17
  6.9924517E+03 -1.3053181E-17
  6.9941929E+03 -1.9659833E-18
  6.9959341E+03  1.0020770E-17
  6.9976753E+03  1.9690525E-17
  6.9994165E+03  2.1101043E-17
  7.0011577E+03  1.0208610E-17
  7.0028989E+03 -5.1894929E-18
  7.0046401E+03 -1.5642680E-17
  7.0063813E+03 -1.6691310E-17
  7.0081226E+03 -6.5197247E-18
  7.0098638E+03  9.5555971E-18
  7.0116050E+03  2.4250090E-17
  7.0133462E+03  2.6966296E-17
  7.0150874E+03  9.3250453E-18
  7.0168286E+03 -1.6777281E-17
  7.0185698E+03 -3.5358987E-17
  7.0203110E+03 -4.2081040E-17
  7.0220522E+03 -3.6378828E-17
  7.0237935E+03 -1.7987626E-17
  7.0255347E+03  1.1223339E-17
  7.0272759E+03  3.5931065E-17
  7.0290171E+03  3.9806644E-17
  7.0307583E+03  2.7930362E-17
  7.0324995E+03  1.1470477E-17
  7.0342407E+03  1.4383447E-18
  7.0359819E+03  7.8879381E-18
  7.0377231E+03  1.9209069E-17
  7.0394644E+03  1.8088865E-17
  7.0412056E+03  1.1611032E-17
  7.0429468E+03  1.2685787E-17
  7.0446880E+03  2.1103584E-17
  7.0464292E+03  3.3512895E-17
  7.0481704E+03  3.0928733E-17
  7.0499116E+03 -8.7890389E-18
  7.0516528E+03 -5.5827419E-17
  7.0533940E+03 -6.4635509E-17
  7.0551353E+03 -4.2940908E-17
  7.0568765E+03 -1.7202670E-17
  7.0586177E+03  4.7616553E-18
  7.0603589E+03  2.1517777E-17
  7.0621001E+03  2.5638769E-17
  7.0638413E+03  9.6485655E-18
  7.0655825E+03 -1.4964715E-17
  7.0673237E+03 -2.9386210E-17
  7.0690649E+03 -2.9342039E-17
  7.0708062E+03 -1.7457577E-17
  7.0725474E+03  4.8482048E-19
  7.0742886E+03  1.6539913E-17
  7.0760298E+03  2.6921938E-17
  7.0777710E+03  3.0810099E-17
  7.0795122E+03  2.6783131E-17
  7.0812534E+03  1.3469697E-17
  7.0829946E+03  1.5840178E-19
  7.0847358E+03  5.7063882E-19
  7.0864771E+03  1.4184788E-17
  7.0882183E+03  3.3879932E-17
  7.0899595E+03  4.4301296E-17
  7.0917007E+03  2.4568465E-17
  7.0934419E+03 -7.2470567E-18
  7.0951831E+03 -9.8970076E-18
  7.0969243E+03  1.0105331E-17
  7.0986655E+03  1.7916368E-17
  7.1004067E+03  1.0461459E-17
  7.1021479E+03  2.8832935E-18
  7.1038892E+03  5.0856057E-19
  7.1056304E+03  4.2437079E-18
  7.1073716E+03  9.3399014E-18
  7.1091128E+03  6.0372902E-18
  7.1108540E+03 -2.4019803E-18
  7.1125952E+03 -3.4288837E-18
  7.1143364E+03  3.7472407E-18
  7.1160776E+03  1.1373012E-17
  7.1178188E+03  1.6055003E-17
  7.1195601E+03  1.8311221E-17
  7.1213018E+03  1.3368751E-17
  7.1230430E+03 -8.7406653E-18
  7.1247842E+03 -3.6056628E-17
  7.1265254E+03 -3.7059412E-17
  7.1282666E+03 -1.6961625E-17
  7.1300078E+03 -1.4251101E-17
  7.1317490E+03 -2.7887117E-17
  7.1334902E+03 -2.1205116E-17
  7.1352314E+03  5.7607869E-18
  7.1369727E+03  2.0904118E-17
  7.1387139E+03  1.3799177E-17
  7.1404551E+03 -8.4854818E-18
  7.1421963E+03 -2.9333856E-17
  7.1439375E+03 -1.8659633E-17
  7.1456787E+03  1.6276456E-17
  7.1474199E+03  2.6367457E-17
  7.1491611E+03  3.8273845E-18
  7.1509023E+03 -1.4057615E-17
  7.1526436E+03 -1.1246050E-17
  7.1543848E+03  5.8555454E-18
  7.1561260E+03  2.9792230E-17
  7.1578672E+03  5.1194463E-17
  7.1596084E+03  5.8392850E-17
  7.1613496E+03  3.5868606E-17
  7.1630908E+03 -5.8977597E-18
  7.1648320E+03 -2.1696514E-17
  7.1665732E+03  4.5666987E-20
  7.1683145E+03  2.5920932E-17
  7.1700557E+03  3.4313771E-17
  7.1717969E+03  1.8295895E-17
  7.1735381E+03 -1.6840621E-17
  7.1752793E+03 -4.5959339E-17
  7.1770205E+03 -5.4437051E-17
  7.1787617E+03 -4.5234981E-17
  7.1805029E+03 -2.4367680E-17
  7.1822441E+03 -1.6846790E-18
  7.1839854E+03  1.2362853E-17
  7.1857266E+03  5.9351963E-18
  7.1874678E+03 -1.5663442E-17
  7.1892090E+03 -1.6135230E-17
  7.1909502E+03  1.6476419E-17
  7.1926914E+03  4.9902109E-17
  7.1944326E+03  6.3649014E-17
  7.1961738E+03  5.7937815E-17
  7.1979150E+03  4.0047989E-17
  7.1996562E+03  3.4787514E-17
  7.2013975E+03  4.8901240E-17
  7.2031387E+03  4.7762894E-17
  7.2048799E+03  1.7763495E-17
  7.2066211E+03 -9.0966938E-18
  7.2083623E+03 -1.3214108E-17
  7.2101035E+03 -1.3358437E-18
  7.2118447E+03  1.6935964E-17
  7.2135859E+03  2.4788121E-17
  7.2153271E+03  1.4073955E-17
  7.2170684E+03 -1.2367574E-18
  7.2188096E+03 -8.3980587E-18
  7.2205508E+03  6.3969847E-19
  7.2222920E+03  2.6686157E-17
  7.2240332E+03  5.2822248E-17
  7.2257744E+03  6.4884683E-17
  7.2275156E+03  5.7638064E-17
  7.2292568E+03  3.3831833E-17
  7.2309980E+03  1.6578665E-17
  7.2327393E+03  2.1986183E-17
  7.2344805E+03  4.3822904E-17
  7.2362217E+03  7.0733617E-17
  7.2379629E+03  7.7478832E-17
  7.2397041E+03  5.2116280E-17
  7.2414453E+03  3.0211558E-17
  7.2431865E+03  3.7637740E-17
  7.2449277E+03  5.8080963E-17
  7.2466689E+03  7.4443516E-17
  7.2484102E+03  7.2420311E-17
  7.2501514E+03  4.6987131E-17
  7.2518926E+03  3.2466713E-17
  7.2536338E+03  5.2218764E-17
  7.2553750E+03  7.4027377E-17
  7.2571162E+03  6.9938730E-17
  7.2588574E+03  4.4875498E-17
  7.2605986E+03  8.9011053E-18
  7.2623398E+03 -1.9942936E-17
  7.2640811E+03 -2.5924721E-17
  7.2658223E+03 -2.2715471E-18
  7.2675635E+03  4.6574858E-17
  7.2693047E+03  7.0475219E-17
  7.2710459E+03  3.1159060E-17
  7.2727871E+03 -3.1814941E-17
  7.2745283E+03 -7.4901535E-17
  7.2762695E+03 -8.7401174E-17
  7.2780107E+03 -6.6189226E-17
  7.2797520E+03 -2.1235058E-17
  7.2814932E+03  3.1366603E-17
  7.2832344E+03  6.4280007E-17
  7.2849756E+03  5.6240347E-17
  7.2867168E+03  2.3375204E-17
  7.2884580E+03 -1.2051310E-17
  7.2901992E+03 -3.5811944E-17
  7.2919404E+03 -3.7410484E-17
  7.2936816E+03 -2.3761370E-17
  7.2954229E+03 -5.8455597E-18
  7.2971641E+03  1.7505524E-17
  7.2989053E+03  4.6625637E-17
  7.3006465E+03  5.1165750E-17
  7.3023877E+03  4.9106669E-18
  7.3041289E+03 -4.3328663E-17
  7.3058701E+03 -4.0003665E-17
  7.3076113E+03 -2.1739709E-17
  7.3093525E+03 -3.5555455E-17
  7.3110938E+03 -6.1624135E-17
  7.3128350E+03 -7.0618493E-17
  7.3145762E+03 -5.5386541E-17
  7.3163174E+03 -1.5546423E-17
  7.3180586E+03  2.4503019E-17
  7.3197998E+03  3.7209443E-17
  7.3215410E+03  2.3226894E-17
  7.3232822E+03 -8.0859320E-18
  7.3250234E+03 -3.3683989E-17
  7.3267646E+03 -2.9320899E-17
  7.3285059E+03 -1.0744676E-17
  7.3302471E+03 -3.6797163E-18
  7.3319883E+03 -2.2407032E-18
  7.3337295E+03  7.4153466E-18
  7.3354707E+03  1.1614139E-17
  7.3372119E+03 -8.9090892E-18
  7.3389531E+03 -1.8803726E-17
  7.3406943E+03  2.9040051E-17
  7.3424355E+03  8.8760053E-17
  7.3441768E+03  8.9445283E-17
  7.3459180E+03  5.7499918E-17
  7.3476592E+03  4.8615344E-17
  7.3494004E+03  5.2910151E-17
  7.3511416E+03  4.1294927E-17
  7.3528828E+03  1.5851404E-17
  7.3546240E+03 -1.1079661E-17
  7.3563652E+03 -3.4343675E-17
  7.3581064E+03 -5.2330486E-17
  7.3598477E+03 -4.4556716E-17
  7.3615889E+03  1.4264167E-17
  7.3633301E+03  8.3123644E-17
  7.3650713E+03  9.6531984E-17
  7.3668125E+03  5.8870775E-17
  7.3685537E+03  4.7146284E-18
  7.3702949E+03 -4.1535118E-17
  7.3720361E+03 -5.8749093E-17
  7.3737773E+03 -5.3810852E-17
  7.3755186E+03 -4.8519285E-17
  7.3772598E+03 -4.6780938E-17
  7.3790010E+03 -4.4415023E-17
  7.3807422E+03 -3.7099309E-17
  7.3824834E+03 -2.0067124E-17
  7.3842246E+03  5.0354123E-18
  7.3859658E+03  3.3113830E-17
  7.3877070E+03  5.4548601E-17
  7.3894482E+03  5.8140222E-17
  7.3911895E+03  4.4725007E-17
  7.3929307E+03  2.1266943E-17
  7.3946719E+03  4.0907258E-18
  7.3964131E+03  1.6066706E-17
  7.3981543E+03  4.1496402E-17
  7.3998955E+03  3.9893134E-17
  7.4016367E+03  1.4675901E-17
  7.4033779E+03 -2.9035363E-18
  7.4051191E+03 -5.9346073E-18
  7.4068604E+03 -2.0417828E-18
  7.4086016E+03  5.9642038E-19
  7.4103428E+03 -8.4842460E-18
  7.4120840E+03 -2.5473540E-17
  7.4138252E+03 -3.4539840E-17
  7.4155664E+03 -3.6325438E-17
  7.4173076E+03 -4.5641464E-17
  7.4190488E+03 -5.3725543E-17
  7.4207900E+03 -3.2022898E-17
  7.4225312E+03  6.7243001E-18
  7.4242725E+03  1.5240981E-17
  7.4260137E+03 -6.8300564E-18
  7.4277549E+03 -1.9571394E-17
  7.4294961E+03 -1.5258064E-17
  7.4312373E+03 -1.3708470E-17
  7.4329785E+03 -1.7817983E-17
  7.4347197E+03 -1.6910871E-17
  7.4364609E+03 -8.1094041E-18
  7.4382021E+03  5.3245815E-18
  7.4399434E+03  2.0127227E-17
  7.4416846E+03  3.1913234E-17
  7.4434258E+03  3.9753721E-17
  7.4451670E+03  4.8941491E-17
  7.4469082E+03  5.1550885E-17
  7.4486494E+03  2.4035109E-17
  7.4503906E+03 -2.5719707E-17
  7.4521318E+03 -5.4248189E-17
  7.4538730E+03 -4.6406639E-17
  7.4556143E+03 -2.0138619E-17
  7.4573555E+03  9.8086912E-18
  7.4590967E+03  3.2135302E-17
  7.4608379E+03  3.9031050E-17
  7.4625791E+03  2.8038197E-17
  7.4643203E+03  7.9929404E-18
  7.4660615E+03  3.0397630E-18
  7.4678027E+03  1.8881383E-17
  7.4695439E+03  3.5181983E-17
  7.4712852E+03  3.9110105E-17
  7.4730264E+03  2.6574200E-17
  7.4747676E+03  5.1362126E-18
  7.4765088E+03  4.3169663E-18
  7.4782500E+03  2.5667979E-17
  7.4799912E+03  2.3720241E-17
  7.4817324E+03 -1.5152735E-17
  7.4834736E+03 -5.4182901E-17
  7.4852148E+03 -6.6940299E-17
  7.4869561E+03 -4.0290125E-17
  7.4886973E+03  1.6528657E-17
  7.4904385E+03  5.0337209E-17
  7.4921797E+03  4.0418586E-17
  7.4939209E+03  3.0173418E-17
  7.4956621E+03  4.3172009E-17
  7.4974033E+03  6.5437822E-17
  7.4991445E+03  8.2739806E-17
  7.5008857E+03  7.3768999E-17
  7.5026270E+03  4.0055020E-17
  7.5043682E+03  3.6304530E-17
  7.5061094E+03  8.6069764E-17
  7.5078506E+03  1.4235265E-16
  7.5095918E+03  1.7310861E-16
  7.5113330E+03  1.8263581E-16
  7.5130742E+03  1.7868708E-16
  7.5148154E+03  1.8127477E-16
  7.5165566E+03  1.9642940E-16
  7.5182979E+03  1.8477240E-16
  7.5200391E+03  1.3350834E-16
  7.5217803E+03  1.0646779E-16
  7.5235215E+03  1.3645669E-16
  7.5252627E+03  1.6507911E-16
  7.5270039E+03  1.5422612E-16
  7.5287451E+03  1.3261344E-16
  7.5304863E+03  1.2195705E-16
  7.5322275E+03  1.1754859E-16
  7.5339688E+03  1.1626722E-16
  7.5357100E+03  1.1939234E-16
  7.5374512E+03  1.2664870E-16
  7.5391924E+03  1.3464195E-16
  7.5409336E+03  1.4166023E-16
  7.5426748E+03  1.5199687E-16
  7.5444160E+03  1.6883700E-16
  7.5461572E+03  1.9272709E-16
  7.5478984E+03  2.2043530E-16
  7.5496396E+03  2.3505376E-16
  7.5513809E+03  2.2551635E-16
  7.5531221E+03  2.0405327E-16
  7.5548633E+03  1.8449571E-16
  7.5566045E+03  1.7873426E-16
  7.5583457E+03  1.9317985E-16
  7.5600869E+03  2.0903787E-16
  7.5618281E+03  2.1161562E-16
  7.5635693E+03  2.2255296E-16
  7.5653105E+03  2.5764839E-16
  7.5670522E+03  2.9080182E-16
  7.5687935E+03  2.9834417E-16
  7.5705347E+03  2.8622188E-16
  7.5722759E+03  2.6420625E-16
  7.5740171E+03  2.4129811E-16
  7.5757583E+03  2.2602569E-16
  7.5774995E+03  2.2127343E-16
  7.5792407E+03  2.2698064E-16
  7.5809819E+03  2.3541047E-16
  7.5827231E+03  2.3876805E-16
  7.5844644E+03  2.4095353E-16
  7.5862056E+03  2.4604764E-16
  7.5879468E+03  2.4330129E-16
  7.5896880E+03  2.2384018E-16
  7.5914292E+03  2.0766226E-16
  7.5931704E+03  2.1388324E-16
  7.5949116E+03  2.1994523E-16
  7.5966528E+03  2.0188736E-16
  7.5983940E+03  1.7463250E-16
  7.6001353E+03  1.5811474E-16
  7.6018765E+03  1.5690201E-16
  7.6036177E+03  1.7150224E-16
  7.6053589E+03  2.0488750E-16
  7.6071001E+03  2.5597997E-16
  7.6088413E+03  2.8914857E-16
  7.6105825E+03  2.6919549E-16
  7.6123237E+03  2.1891698E-16
  7.6140649E+03  1.7243216E-16
  7.6158062E+03  1.4978073E-16
  7.6175474E+03  1.6415655E-16
  7.6192886E+03  1.7505569E-16
  7.6210298E+03  1.3411356E-16
  7.6227710E+03  7.6669650E-17
  7.6245122E+03  5.4660240E-17
  7.6262534E+03  5.0510302E-17
  7.6279946E+03  3.1964638E-17
  7.6297358E+03  8.4099585E-18
  7.6314771E+03 -2.2220056E-18
  7.6332183E+03 -2.2732942E-18
  7.6349595E+03  7.9947332E-19
  7.6367007E+03  5.1533882E-18
  7.6384419E+03  1.0779993E-17
  7.6401831E+03  8.0758867E-18
  7.6419243E+03 -1.4221458E-17
  7.6436655E+03 -2.9745067E-17
  7.6454067E+03 -2.8469671E-18
  7.6471479E+03  4.3427396E-17
  7.6488892E+03  6.7904593E-17
  7.6506304E+03  6.3861242E-17
  7.6523716E+03  3.7094604E-17
  7.6541128E+03  9.4979161E-18
  7.6558540E+03  9.5180794E-18
  7.6575952E+03  2.8156910E-17
  7.6593364E+03  4.0222005E-17
  7.6610776E+03  5.2419861E-17
  7.6628188E+03  8.3878490E-17
  7.6645601E+03  1.1003968E-16
  7.6663013E+03  9.0147070E-17
  7.6680425E+03  4.5017131E-17
  7.6697837E+03  2.1555682E-17
  7.6715249E+03  2.3207075E-17
  7.6732661E+03  3.4554236E-17
  7.6750073E+03  4.3131960E-17
  7.6767485E+03  3.5742130E-17
  7.6784897E+03  2.4508151E-17
  7.6802310E+03  3.5395886E-17
  7.6819722E+03  5.9031592E-17
  7.6837134E+03  6.7113623E-17
  7.6854546E+03  6.3815409E-17
  7.6871958E+03  7.1373458E-17
  7.6889370E+03  8.0176182E-17
  7.6906782E+03  6.2776404E-17
  7.6924194E+03  3.2600773E-17
  7.6941606E+03  2.7326074E-17
  7.6959019E+03  4.0690348E-17
  7.6976431E+03  3.9286334E-17
  7.6993843E+03  2.7544274E-17
  7.7011255E+03  3.2344893E-17
  7.7028667E+03  5.4321417E-17
  7.7046079E+03  7.9643563E-17
  7.7063491E+03  9.0250752E-17
  7.7080903E+03  6.3212732E-17
  7.7098315E+03  1.6529087E-17
  7.7115728E+03 -1.3574166E-18
  7.7133140E+03  1.8298135E-17
  7.7150552E+03  5.3683797E-17
  7.7167964E+03  9.2768385E-17
  7.7185376E+03  1.2984181E-16
  7.7202788E+03  1.5576553E-16
  7.7220200E+03  1.6135019E-16
  7.7237612E+03  1.4358271E-16
  7.7255024E+03  1.0343739E-16
  7.7272437E+03  5.5604378E-17
  7.7289849E+03  2.8515523E-17
  7.7307261E+03  1.9495244E-17
  7.7324673E+03 -4.6779926E-18
  7.7342085E+03 -4.1888800E-17
  7.7359497E+03 -5.7568919E-17
  7.7376909E+03 -3.7532500E-17
  7.7394321E+03  1.4795609E-17
  7.7411733E+03  8.0042562E-17
  7.7429146E+03  1.2060761E-16
  7.7446558E+03  1.2498285E-16
  7.7463970E+03  1.1090085E-16
  7.7481382E+03  9.2958412E-17
  7.7498794E+03  8.3982258E-17
  7.7516206E+03  8.2129969E-17
  7.7533618E+03  6.4777334E-17
  7.7551030E+03  3.0663744E-17
  7.7568442E+03  6.3448901E-18
  7.7585854E+03 -1.4583740E-18
  7.7603267E+03 -1.1535305E-17
  7.7620679E+03 -2.7051976E-17
  7.7638091E+03 -3.2047147E-17
  7.7655503E+03 -1.9271184E-17
  7.7672915E+03  9.7518837E-18
  7.7690327E+03  4.1838597E-17
  7.7707739E+03  4.4591530E-17
  7.7725151E+03  1.0197615E-17
  7.7742563E+03 -3.1601224E-17
  7.7759976E+03 -6.1249680E-17
  7.7777388E+03 -7.6747908E-17
  7.7794800E+03 -7.5783052E-17
  7.7812212E+03 -5.5607045E-17
  7.7829624E+03 -2.4078893E-17
  7.7847036E+03 -4.9424786E-18
  7.7864448E+03 -8.9522623E-18
  7.7881860E+03 -2.5380307E-17
  7.7899272E+03 -3.8948706E-17
  7.7916685E+03 -2.4810325E-17
  7.7934097E+03  2.1256125E-17
  7.7951509E+03  6.2686711E-17
  7.7968921E+03  7.6441038E-17
  7.7986333E+03  6.7766957E-17
  7.8003745E+03  4.6028386E-17
  7.8021157E+03  3.0936985E-17
  7.8038569E+03  2.9651877E-17
  7.8055981E+03  1.5926425E-17
  7.8073394E+03 -1.9098985E-17
  7.8090806E+03 -4.3242541E-17
  7.8108218E+03 -3.6205973E-17
  7.8125630E+03 -2.8176121E-18
  7.8143042E+03  4.2224639E-17
  7.8160454E+03  6.0024672E-17
  7.8177866E+03  3.0478389E-17
  7.8195278E+03 -1.3598670E-17
  7.8212690E+03 -4.8177262E-17
  7.8230103E+03 -8.5371207E-17
  7.8247515E+03 -1.2609737E-16
  7.8264927E+03 -1.3723200E-16
  7.8282339E+03 -1.0172309E-16
  7.8299751E+03 -4.8385993E-17
  7.8317163E+03 -1.5064928E-18
  7.8334575E+03  4.2040932E-17
  7.8351987E+03  7.9597691E-17
  7.8369399E+03  8.2883603E-17
  7.8386812E+03  4.0581057E-17
  7.8404224E+03 -6.4685230E-18
  7.8421636E+03 -2.3288258E-17
  7.8439048E+03 -1.1800873E-18
  7.8456460E+03  5.2620747E-17
  7.8473872E+03  7.2429430E-17
  7.8491284E+03  1.8914256E-17
  7.8508696E+03 -1.9865866E-17
  7.8526108E+03  2.2810147E-17
  7.8543521E+03  8.3656077E-17
  7.8560933E+03  1.0627143E-16
  7.8578345E+03  1.1073497E-16
  7.8595757E+03  1.1619712E-16
  7.8613169E+03  1.1403245E-16
  7.8630581E+03  9.7507918E-17
  7.8647993E+03  6.8164513E-17
  7.8665405E+03  2.9989592E-17
  7.8682817E+03 -4.8645416E-18
  7.8700229E+03 -2.6018020E-17
  7.8717642E+03 -3.6586966E-17
  7.8735054E+03 -4.1622941E-17
  7.8752466E+03 -4.2469491E-17
  7.8769878E+03 -4.0753237E-17
  7.8787290E+03 -4.5179023E-17
  7.8804702E+03 -6.0722674E-17
  7.8822114E+03 -5.9851222E-17
  7.8839526E+03 -1.9548614E-17
  7.8856938E+03  2.1212999E-17
  7.8874351E+03  2.3759478E-17
  7.8891763E+03  2.0874801E-17
  7.8909175E+03  4.7946551E-17
  7.8926587E+03  7.8075407E-17
  7.8943999E+03  8.0391275E-17
  7.8961411E+03  6.5017779E-17
  7.8978823E+03  4.7494643E-17
  7.8996235E+03  2.9111821E-17
  7.9013647E+03  1.0229844E-17
  7.9031060E+03 -5.6251177E-18
  7.9048472E+03 -1.5560432E-17
  7.9065884E+03 -8.4328665E-18
  7.9083296E+03  2.5027557E-17
  7.9100708E+03  4.6007408E-17
  7.9118120E+03  1.3341232E-17
  7.9135532E+03 -1.5995238E-17
  7.9152944E+03  2.6709498E-17
  7.9170356E+03  9.4353951E-17
  7.9187769E+03  1.1880646E-16
  7.9205181E+03  1.0358254E-16
  7.9222593E+03  6.9582949E-17
  7.9240005E+03  3.1671875E-17
  7.9257417E+03  4.0848561E-18
  7.9274829E+03 -7.1500466E-18
  7.9292241E+03 -4.8656749E-19
  7.9309653E+03  3.3379188E-18
  7.9327065E+03 -2.0837098E-17
  7.9344478E+03 -5.1797196E-17
  7.9361890E+03 -5.6022521E-17
  7.9379302E+03 -4.3884016E-17
  7.9396714E+03 -3.8730816E-17
  7.9414126E+03 -3.1375119E-17
  7.9431538E+03 -4.0000039E-18
  7.9448950E+03  2.2297295E-17
  7.9466362E+03  1.5855936E-17
  7.9483774E+03 -6.3487022E-18
  7.9501187E+03 -1.0718469E-17
  7.9518599E+03 -1.7713990E-18
  7.9536011E+03  1.9333974E-18
  7.9553423E+03  1.2317697E-17
  7.9570835E+03  5.0974628E-17
  7.9588247E+03  9.5341115E-17
  7.9605659E+03  1.0703976E-16
  7.9623071E+03  9.1503917E-17
  7.9640483E+03  7.2139354E-17
  7.9657896E+03  6.0414916E-17
  7.9675308E+03  6.3468986E-17
  7.9692720E+03  7.1473520E-17
  7.9710132E+03  6.5621780E-17
  7.9727544E+03  4.9703814E-17
  7.9744956E+03  3.9211994E-17
  7.9762368E+03  2.9800571E-17
  7.9779780E+03  7.3155638E-18
  7.9797192E+03 -1.4223387E-17
  7.9814604E+03 -7.2435032E-18
  7.9832017E+03  2.1317963E-17
  7.9849429E+03  4.5736725E-17
  7.9866841E+03  5.8391791E-17
  7.9884253E+03  6.1592252E-17
  7.9901665E+03  5.2802624E-17
  7.9919077E+03  2.9523615E-17
  7.9936489E+03 -9.1500585E-18
  7.9953901E+03 -6.4569540E-17
  7.9971313E+03 -1.1235188E-16
  7.9988726E+03 -1.1287249E-16
  8.0006138E+03 -6.8715634E-17
  8.0023550E+03 -1.0283647E-17
  8.0040962E+03  3.6430937E-17
  8.0058374E+03  4.7842131E-17
  8.0075786E+03  2.8100040E-17
  8.0093198E+03  3.8165915E-18
  8.0110610E+03 -1.3697461E-17
  8.0128027E+03 -2.5226372E-17
  8.0145439E+03 -2.6461635E-17
  8.0162852E+03 -1.2039338E-17
  8.0180264E+03  1.7982920E-17
  8.0197676E+03  6.3257380E-17
  8.0215088E+03  9.7369508E-17
  8.0232500E+03  6.7658146E-17
  8.0249912E+03 -4.3622197E-19
  8.0267324E+03 -8.8007402E-18
  8.0284736E+03  4.3673631E-17
  8.0302148E+03  6.7805351E-17
  8.0319561E+03  4.4664137E-17
  8.0336973E+03  1.9959733E-17
  8.0354385E+03  9.6641827E-18
  8.0371797E+03  4.5418436E-18
  8.0389209E+03  6.6730645E-19
  8.0406621E+03 -3.7359414E-18
  8.0424033E+03 -8.6468399E-18
  8.0441445E+03 -1.1202767E-17
  8.0458857E+03 -8.1005450E-18
  8.0476270E+03  4.1780099E-18
  8.0493682E+03  2.4944614E-17
  8.0511094E+03  4.9963069E-17
  8.0528506E+03  6.8489165E-17
  8.0545918E+03  6.0402105E-17
  8.0563330E+03  2.8524731E-17
  8.0580742E+03  6.3354826E-18
  8.0598154E+03  4.7133248E-18
  8.0615566E+03  2.9043304E-18
  8.0632979E+03 -3.6206787E-18
  8.0650391E+03  2.3750473E-18
  8.0667803E+03  2.4733488E-17
  8.0685215E+03  5.0576708E-17
  8.0702627E+03  6.9178670E-17
  8.0720039E+03  7.2026706E-17
  8.0737451E+03  5.8603470E-17
  8.0754863E+03  4.0766498E-17
  8.0772275E+03  2.8725379E-17
  8.0789688E+03  3.0249161E-17
  8.0807100E+03  4.3634241E-17
  8.0824512E+03  4.8602119E-17
  8.0841924E+03  4.0645118E-17
  8.0859336E+03  4.7219486E-17
  8.0876748E+03  7.2955107E-17
  8.0894160E+03  7.9208764E-17
  8.0911572E+03  5.0439237E-17
  8.0928984E+03  1.2871430E-17
  8.0946396E+03 -1.1020082E-17
  8.0963809E+03 -2.9050616E-18
  8.0981221E+03  3.4242839E-17
  8.0998633E+03  5.0962988E-17
  8.1016045E+03  2.1001527E-17
  8.1033457E+03 -3.1373002E-17
  8.1050869E+03 -7.8197036E-17
  8.1068281E+03 -8.2860098E-17
  8.1085693E+03 -3.4278222E-17
  8.1103105E+03  1.6981396E-17
  8.1120518E+03  3.3411526E-17
  8.1137930E+03  1.4221964E-17
  8.1155342E+03 -2.9316072E-17
  8.1172754E+03 -5.4712214E-17
  8.1190166E+03 -3.9394755E-17
  8.1207578E+03 -2.5249081E-17
  8.1224990E+03 -3.7567410E-17
  8.1242402E+03 -4.4625163E-17
  8.1259814E+03 -2.7217744E-17
  8.1277227E+03 -5.6523634E-18
  8.1294639E+03  3.6577861E-18
  8.1312051E+03 -1.4495778E-18
  8.1329463E+03 -1.9796924E-17
  8.1346875E+03 -4.3736940E-17
  8.1364287E+03 -6.2966140E-17
  8.1381699E+03 -5.8493435E-17
  8.1399111E+03 -2.3701762E-17
  8.1416523E+03  3.8110792E-18
  8.1433936E+03 -3.3738894E-18
  8.1451348E+03 -2.3965226E-17
  8.1468760E+03 -3.6821111E-17
  8.1486172E+03 -3.6458915E-17
  8.1503584E+03 -2.0613033E-17
  8.1520996E+03  4.6707183E-18
  8.1538408E+03  3.0752841E-17
  8.1555820E+03  4.4294814E-17
  8.1573232E+03  3.7496938E-17
  8.1590645E+03  2.6985050E-17
  8.1608057E+03  2.8310587E-17
  8.1625469E+03  4.3099710E-17
  8.1642881E+03  6.7184225E-17
  8.1660293E+03  7.0465743E-17
  8.1677705E+03  3.1812182E-17
  8.1695117E+03 -9.2079893E-18
  8.1712529E+03 -1.4929025E-17
  8.1729941E+03  6.0157405E-18
  8.1747354E+03  3.7410686E-17
  8.1764766E+03  5.3035936E-17
  8.1782178E+03  3.2093023E-17
  8.1799590E+03 -2.6944416E-18
  8.1817002E+03 -2.4821973E-17
  8.1834414E+03 -3.2540359E-17
  8.1851826E+03 -2.8075443E-17
  8.1869238E+03 -1.2164386E-17
  8.1886650E+03  1.2017844E-17
  8.1904062E+03  3.1855248E-17
  8.1921475E+03  3.6088249E-17
  8.1938887E+03  3.1457024E-17
  8.1956299E+03  2.7400859E-17
  8.1973711E+03  3.1430891E-17
  8.1991123E+03  4.8239072E-17
  8.2008535E+03  5.4136648E-17
  8.2025947E+03  2.5258609E-17
  8.2043359E+03 -1.3527239E-17
  8.2060771E+03 -3.0770586E-17
  8.2078184E+03 -3.0912788E-17
  8.2095596E+03 -2.5419091E-17
  8.2113008E+03 -1.8060221E-17
  8.2130420E+03 -1.1642079E-17
  8.2147832E+03 -3.2900102E-18
  8.2165244E+03  1.0784900E-17
  8.2182656E+03  2.7530728E-17
  8.2200068E+03  4.2774899E-17
  8.2217480E+03  4.8630564E-17
  8.2234893E+03  3.8096577E-17
  8.2252305E+03  2.8743646E-17
  8.2269717E+03  4.1827539E-17
  8.2287129E+03  7.5238999E-17
  8.2304541E+03  1.1987222E-16
  8.2321953E+03  1.3970124E-16
  8.2339365E+03  9.4974674E-17
  8.2356777E+03  3.1742613E-17
  8.2374189E+03  1.9324081E-17
  8.2391602E+03  4.1500273E-17
  8.2409014E+03  5.5471721E-17
  8.2426426E+03  5.2327409E-17
  8.2443838E+03  3.4250518E-17
  8.2461250E+03  6.9884271E-18
  8.2478662E+03 -2.1250445E-17
  8.2496074E+03 -3.0073693E-17
  8.2513486E+03  2.7907535E-18
  8.2530898E+03  5.4887596E-17
  8.2548311E+03  8.6685590E-17
  8.2565723E+03  9.1422450E-17
  8.2583135E+03  7.7149389E-17
  8.2600547E+03  4.7345125E-17
  8.2617959E+03  4.9678979E-18
  8.2635371E+03 -2.7692624E-17
  8.2652783E+03 -2.2313513E-17
  8.2670195E+03  1.0762584E-17
  8.2687607E+03  4.3923291E-17
  8.2705020E+03  5.7912179E-17
  8.2722432E+03  3.7221381E-17
  8.2739844E+03  3.3185525E-18
  8.2757256E+03 -3.0815406E-18
  8.2774668E+03  1.5613941E-17
  8.2792080E+03  3.4311280E-17
  8.2809492E+03  4.3732847E-17
  8.2826904E+03  4.2792293E-17
  8.2844316E+03  3.0163842E-17
  8.2861729E+03  4.3601451E-18
  8.2879141E+03 -1.8383927E-17
  8.2896553E+03 -1.0261049E-17
  8.2913965E+03  9.5418965E-18
  8.2931377E+03 -6.6761243E-18
  8.2948789E+03 -5.2063446E-17
  8.2966201E+03 -8.7401789E-17
  8.2983613E+03 -8.7834015E-17
  8.3001025E+03 -3.6535906E-17
  8.3018438E+03  4.3016879E-17
  8.3035850E+03  9.9100135E-17
  8.3053262E+03  1.1126073E-16
  8.3070674E+03  8.0930650E-17
  8.3088086E+03  3.5530094E-17
  8.3105498E+03  2.4328249E-17
  8.3122910E+03  4.9730241E-17
  8.3140322E+03  7.5569401E-17
  8.3157734E+03  8.8209316E-17
  8.3175146E+03  9.1835160E-17
  8.3192559E+03  8.4230108E-17
  8.3209971E+03  5.9776075E-17
  8.3227383E+03  2.4812929E-17
  8.3244795E+03 -4.6523880E-18
  8.3262207E+03 -2.1617581E-17
  8.3279619E+03 -2.7875725E-17
  8.3297031E+03 -2.4886675E-17
  8.3314443E+03 -1.4757256E-17
  8.3331855E+03 -1.3172661E-18
  8.3349268E+03  1.2258317E-17
  8.3366680E+03  1.3860525E-17
  8.3384092E+03 -1.8123026E-17
  8.3401504E+03 -7.9274661E-17
  8.3418916E+03 -1.3953620E-16
  8.3436328E+03 -1.7364698E-16
  8.3453740E+03 -1.5781709E-16
  8.3471152E+03 -1.1147443E-16
  8.3488564E+03 -1.0928814E-16
  8.3505977E+03 -1.6057422E-16
  8.3523389E+03 -1.9248609E-16
