1463 Hgamma SN2010jl d148 (07 Mar 2011)
148
 -9.9923584E+03  4.1303732E-15
 -9.9786885E+03  4.0124260E-15
 -9.9650361E+03  4.1533761E-15
 -9.9513848E+03  4.0225438E-15
 -9.9376963E+03  4.0270526E-15
 -9.9240088E+03  4.1252508E-15
 -9.9103389E+03  4.1438889E-15
 -9.8966875E+03  4.0983058E-15
 -9.8830352E+03  4.0485901E-15
 -9.8693652E+03  4.1389126E-15
 -9.8556777E+03  4.0934354E-15
 -9.8420264E+03  4.1117004E-15
 -9.8283740E+03  4.0464327E-15
 -9.8147041E+03  4.0268141E-15
 -9.8010166E+03  4.1721921E-15
 -9.7873643E+03  4.0807934E-15
 -9.7737129E+03  4.1876013E-15
 -9.7600430E+03  4.0547971E-15
 -9.7463555E+03  4.1402450E-15
 -9.7327031E+03  4.1591257E-15
 -9.7190518E+03  4.0931470E-15
 -9.7053457E+03  4.0961548E-15
 -9.6916934E+03  4.1734791E-15
 -9.6780420E+03  4.0799777E-15
 -9.6643545E+03  4.0467063E-15
 -9.6506846E+03  4.0476130E-15
 -9.6370322E+03  4.1306121E-15
 -9.6233809E+03  4.1433786E-15
 -9.6097285E+03  4.0454090E-15
 -9.5960234E+03  4.0596765E-15
 -9.5823711E+03  4.0718885E-15
 -9.5687188E+03  4.0686465E-15
 -9.5550674E+03  4.1103718E-15
 -9.5413613E+03  4.1650427E-15
 -9.5277451E+03  4.0022400E-15
 -9.5140576E+03  4.1177816E-15
 -9.5004062E+03  4.0683293E-15
 -9.4867002E+03  3.9515171E-15
 -9.4730488E+03  4.0462362E-15
 -9.4593965E+03  4.0743229E-15
 -9.4457090E+03  3.9992631E-15
 -9.4320391E+03  4.1665644E-15
 -9.4183867E+03  4.1578192E-15
 -9.4046992E+03  4.1220664E-15
 -9.3910479E+03  4.1581229E-15
 -9.3773779E+03  4.0299774E-15
 -9.3637256E+03  4.0534978E-15
 -9.3500742E+03  4.0628084E-15
 -9.3364043E+03  4.1015982E-15
 -9.3227168E+03  4.1277546E-15
 -9.3090645E+03  4.1531076E-15
 -9.2954121E+03  4.1741775E-15
 -9.2817246E+03  4.1696048E-15
 -9.2680547E+03  4.1583283E-15
 -9.2543672E+03  4.1662052E-15
 -9.2407158E+03  4.0401748E-15
 -9.2270635E+03  4.1011980E-15
 -9.2133936E+03  3.9977799E-15
 -9.1997422E+03  4.0934011E-15
 -9.1860898E+03  4.1181336E-15
 -9.1723838E+03  4.1277660E-15
 -9.1587324E+03  4.1609515E-15
 -9.1450801E+03  4.0390944E-15
 -9.1313926E+03  4.0990448E-15
 -9.1177227E+03  4.0162855E-15
 -9.1040713E+03  4.0685550E-15
 -9.0904189E+03  4.0194716E-15
 -9.0767676E+03  4.0918518E-15
 -9.0630615E+03  4.1698005E-15
 -9.0493740E+03  4.0487883E-15
 -9.0357578E+03  3.9862662E-15
 -9.0220703E+03  4.0256727E-15
 -9.0084004E+03  4.1494420E-15
 -8.9947480E+03  4.0186801E-15
 -8.9810605E+03  4.1131683E-15
 -8.9674082E+03  4.1647403E-15
 -8.9537393E+03  4.1743914E-15
 -8.9400869E+03  4.0678317E-15
 -8.9264346E+03  4.1473071E-15
 -8.9127471E+03  4.1222142E-15
 -8.8990771E+03  4.1092025E-15
 -8.8854258E+03  4.2076900E-15
 -8.8717383E+03  4.0739947E-15
 -8.8580859E+03  4.1008757E-15
 -8.8444160E+03  4.0766082E-15
 -8.8307285E+03  3.9865449E-15
 -8.8170762E+03  4.1282878E-15
 -8.8034248E+03  4.0936022E-15
 -8.7897188E+03  4.0724082E-15
 -8.7761025E+03  4.1055683E-15
 -8.7624150E+03  4.0685110E-15
 -8.7487637E+03  4.0480920E-15
 -8.7350938E+03  4.2231987E-15
 -8.7214062E+03  4.1223277E-15
 -8.7077539E+03  4.1948223E-15
 -8.6941016E+03  4.1456939E-15
 -8.6804326E+03  4.1326229E-15
 -8.6667803E+03  4.0044643E-15
 -8.6531279E+03  4.1280960E-15
 -8.6394404E+03  4.0374677E-15
 -8.6257354E+03  4.0783794E-15
 -8.6120830E+03  4.1940561E-15
 -8.5984316E+03  4.1063785E-15
 -8.5847617E+03  4.0976434E-15
 -8.5710742E+03  4.1204617E-15
 -8.5574219E+03  4.1636713E-15
 -8.5437695E+03  4.1405355E-15
 -8.5300820E+03  4.0276510E-15
 -8.5164482E+03  4.1243656E-15
 -8.5027607E+03  4.0818780E-15
 -8.4891084E+03  4.1012234E-15
 -8.4754385E+03  4.0743602E-15
 -8.4617871E+03  4.2570241E-15
 -8.4480986E+03  4.1862346E-15
 -8.4344473E+03  4.1168918E-15
 -8.4207598E+03  4.0767992E-15
 -8.4070898E+03  4.1327614E-15
 -8.3934375E+03  4.0875379E-15
 -8.3797500E+03  4.1589131E-15
 -8.3660986E+03  4.0197092E-15
 -8.3524287E+03  4.0916075E-15
 -8.3387764E+03  4.0517029E-15
 -8.3251240E+03  4.1725855E-15
 -8.3114551E+03  4.1661997E-15
 -8.2977666E+03  4.1659219E-15
 -8.2841152E+03  4.0875714E-15
 -8.2704277E+03  4.1632258E-15
 -8.2567930E+03  4.0486028E-15
 -8.2431055E+03  4.0976210E-15
 -8.2294541E+03  4.0030184E-15
 -8.2158018E+03  4.1333480E-15
 -8.2020967E+03  4.0243992E-15
 -8.1884443E+03  4.1813794E-15
 -8.1747935E+03  4.2188064E-15
 -8.1611406E+03  4.1097395E-15
 -8.1474351E+03  4.1318449E-15
 -8.1337832E+03  4.1645798E-15
 -8.1201304E+03  4.0008627E-15
 -8.1064424E+03  4.1786143E-15
 -8.0927725E+03  4.0948910E-15
 -8.0791216E+03  4.0693072E-15
 -8.0654697E+03  4.0350265E-15
 -8.0518179E+03  4.1294652E-15
 -8.0381118E+03  4.0222427E-15
 -8.0244609E+03  4.1383180E-15
 -8.0108091E+03  3.9901397E-15
 -7.9971382E+03  4.1071950E-15
 -7.9834507E+03  4.0966600E-15
 -7.9697983E+03  4.1852931E-15
 -7.9561108E+03  4.1531359E-15
 -7.9424595E+03  4.1475104E-15
 -7.9287896E+03  4.1270562E-15
 -7.9151372E+03  4.1480415E-15
 -7.9014858E+03  4.1680196E-15
 -7.8877974E+03  4.1574274E-15
 -7.8741284E+03  4.0889114E-15
 -7.8604761E+03  4.1249331E-15
 -7.8467886E+03  4.2513011E-15
 -7.8331372E+03  4.0665675E-15
 -7.8194673E+03  4.1782793E-15
 -7.8058149E+03  4.1585887E-15
 -7.7921631E+03  4.1278550E-15
 -7.7784575E+03  4.2216491E-15
 -7.7648057E+03  4.1034109E-15
 -7.7511177E+03  4.1354851E-15
 -7.7374658E+03  4.1780379E-15
 -7.7237959E+03  4.1668600E-15
 -7.7101440E+03  4.1170075E-15
 -7.6964565E+03  4.0943497E-15
 -7.6828047E+03  4.1808276E-15
 -7.6691348E+03  4.1424815E-15
 -7.6554829E+03  4.0779126E-15
 -7.6418311E+03  4.1372020E-15
 -7.6281792E+03  4.1100055E-15
 -7.6144736E+03  4.1534532E-15
 -7.6008213E+03  4.1102646E-15
 -7.5871338E+03  4.1886093E-15
 -7.5734819E+03  4.2094463E-15
 -7.5598120E+03  4.1088090E-15
 -7.5461245E+03  4.1164793E-15
 -7.5324727E+03  4.0669830E-15
 -7.5188203E+03  3.8161579E-15
 -7.5051509E+03  3.7352086E-15
 -7.4914629E+03  3.6592247E-15
 -7.4778467E+03  3.9554393E-15
 -7.4641592E+03  4.3109907E-15
 -7.4504893E+03  4.3940275E-15
 -7.4368374E+03  4.3651487E-15
 -7.4231499E+03  4.5302393E-15
 -7.4094980E+03  4.2850228E-15
 -7.3958281E+03  4.2529495E-15
 -7.3821763E+03  4.2117612E-15
 -7.3685244E+03  4.1782568E-15
 -7.3548364E+03  4.1403496E-15
 -7.3411309E+03  4.0251400E-15
 -7.3274790E+03  4.1320114E-15
 -7.3138271E+03  4.1107720E-15
 -7.3001753E+03  4.1330926E-15
 -7.2865054E+03  4.2351622E-15
 -7.2728179E+03  4.0628816E-15
 -7.2591655E+03  4.1596695E-15
 -7.2455137E+03  4.0951074E-15
 -7.2318081E+03  4.0714007E-15
 -7.2181919E+03  4.1276348E-15
 -7.2045044E+03  4.1647386E-15
 -7.1908345E+03  4.1240747E-15
 -7.1771826E+03  4.1007283E-15
 -7.1634951E+03  4.1636065E-15
 -7.1498433E+03  4.1524715E-15
 -7.1361733E+03  4.1685782E-15
 -7.1224854E+03  4.0431131E-15
 -7.1088335E+03  4.1347049E-15
 -7.0951816E+03  4.1377462E-15
 -7.0814941E+03  4.0225421E-15
 -7.0678242E+03  4.1726622E-15
 -7.0541724E+03  4.0177212E-15
 -7.0405205E+03  4.2029385E-15
 -7.0268506E+03  4.1556567E-15
 -7.0131631E+03  4.1451336E-15
 -6.9995107E+03  4.1240726E-15
 -6.9858589E+03  4.1574838E-15
 -6.9721714E+03  4.2143637E-15
 -6.9585371E+03  4.0782506E-15
 -6.9448496E+03  4.1472851E-15
 -6.9311978E+03  4.1246176E-15
 -6.9174922E+03  4.1275979E-15
 -6.9038403E+03  4.0171939E-15
 -6.8901885E+03  4.0721244E-15
 -6.8765361E+03  3.9206796E-15
 -6.8628311E+03  4.0092212E-15
 -6.8491787E+03  4.0803394E-15
 -6.8355269E+03  4.0063926E-15
 -6.8218394E+03  4.1011336E-15
 -6.8081694E+03  4.1580636E-15
 -6.7945176E+03  4.1383501E-15
 -6.7808657E+03  4.1441350E-15
 -6.7672139E+03  4.2434369E-15
 -6.7535439E+03  4.2422502E-15
 -6.7398560E+03  4.3128478E-15
 -6.7262041E+03  4.2741600E-15
 -6.7125166E+03  4.2200012E-15
 -6.6988467E+03  4.3288093E-15
 -6.6851948E+03  4.2052264E-15
 -6.6715073E+03  4.0816409E-15
 -6.6578555E+03  4.0574479E-15
 -6.6441855E+03  4.0516868E-15
 -6.6305337E+03  4.0259086E-15
 -6.6168813E+03  4.1246087E-15
 -6.6032119E+03  4.1771900E-15
 -6.5895239E+03  4.1610981E-15
 -6.5758721E+03  4.1431172E-15
 -6.5621846E+03  4.0097002E-15
 -6.5485327E+03  4.0604837E-15
 -6.5348628E+03  4.0574589E-15
 -6.5212109E+03  4.0531780E-15
 -6.5075591E+03  4.1225098E-15
 -6.4938892E+03  4.1636256E-15
 -6.4801655E+03  4.1407697E-15
 -6.4665493E+03  4.1261723E-15
 -6.4528618E+03  4.1160232E-15
 -6.4392100E+03  4.1019252E-15
 -6.4255400E+03  4.0989402E-15
 -6.4118882E+03  4.0603901E-15
 -6.3982007E+03  4.1635532E-15
 -6.3845483E+03  4.1768025E-15
 -6.3708789E+03  4.0822507E-15
 -6.3572266E+03  4.1512797E-15
 -6.3435747E+03  4.0706536E-15
 -6.3298691E+03  4.1243910E-15
 -6.3162173E+03  4.1668342E-15
 -6.3025654E+03  4.1370347E-15
 -6.2888779E+03  4.2050595E-15
 -6.2752080E+03  4.0753228E-15
 -6.2615562E+03  4.1450116E-15
 -6.2478682E+03  4.1796769E-15
 -6.2342163E+03  4.0054926E-15
 -6.2205288E+03  4.1980698E-15
 -6.2068945E+03  4.1803655E-15
 -6.1932070E+03  4.2012076E-15
 -6.1795552E+03  4.2201587E-15
 -6.1658853E+03  4.1757610E-15
 -6.1522334E+03  4.1238498E-15
 -6.1385459E+03  4.0889842E-15
 -6.1248936E+03  4.1614504E-15
 -6.1112241E+03  4.1492807E-15
 -6.0975718E+03  4.1656610E-15
 -6.0839199E+03  4.0975977E-15
 -6.0702681E+03  4.1515461E-15
 -6.0565269E+03  4.1870084E-15
 -6.0428750E+03  3.9872619E-15
 -6.0292231E+03  4.0470137E-15
 -6.0155713E+03  4.1101126E-15
 -6.0019014E+03  4.1343123E-15
 -5.9882134E+03  4.2211383E-15
 -5.9745615E+03  4.1689361E-15
 -5.9609097E+03  4.1908446E-15
 -5.9472397E+03  4.2009840E-15
 -5.9335522E+03  4.1425667E-15
 -5.9199360E+03  4.1320537E-15
 -5.9062485E+03  4.2706834E-15
 -5.8925786E+03  4.1085295E-15
 -5.8788911E+03  4.2455227E-15
 -5.8652388E+03  4.1248755E-15
 -5.8515869E+03  4.1719231E-15
 -5.8378813E+03  4.0514797E-15
 -5.8242295E+03  4.1548084E-15
 -5.8105776E+03  4.1074157E-15
 -5.7968901E+03  4.1331887E-15
 -5.7832202E+03  4.0574996E-15
 -5.7695684E+03  4.0347961E-15
 -5.7559165E+03  4.1723801E-15
 -5.7422466E+03  4.0189024E-15
 -5.7285947E+03  4.1679578E-15
 -5.7149067E+03  4.1888515E-15
 -5.7012549E+03  4.2794362E-15
 -5.6875850E+03  4.2172758E-15
 -5.6738975E+03  4.2051548E-15
 -5.6602812E+03  4.2313772E-15
 -5.6465938E+03  4.2295358E-15
 -5.6329238E+03  4.1743016E-15
 -5.6192363E+03  4.1999210E-15
 -5.6055840E+03  4.3005337E-15
 -5.5919321E+03  4.1790454E-15
 -5.5782622E+03  4.2402465E-15
 -5.5645747E+03  4.1633795E-15
 -5.5509229E+03  4.2216520E-15
 -5.5372354E+03  4.1588238E-15
 -5.5235654E+03  4.2148118E-15
 -5.5099136E+03  4.1969415E-15
 -5.4962617E+03  4.1574800E-15
 -5.4826094E+03  4.1490342E-15
 -5.4689399E+03  4.1682500E-15
 -5.4552520E+03  4.1708271E-15
 -5.4416001E+03  4.2194582E-15
 -5.4279482E+03  4.1879634E-15
 -5.4142427E+03  4.2592167E-15
 -5.4005908E+03  4.2546359E-15
 -5.3869390E+03  4.3177771E-15
 -5.3732510E+03  4.1657419E-15
 -5.3595815E+03  4.1476933E-15
 -5.3459292E+03  4.2017527E-15
 -5.3322773E+03  4.2381061E-15
 -5.3186255E+03  4.2200693E-15
 -5.3049199E+03  4.3153614E-15
 -5.2912681E+03  4.2046970E-15
 -5.2776162E+03  4.2819832E-15
 -5.2639282E+03  4.2185773E-15
 -5.2502588E+03  4.2474268E-15
 -5.2366069E+03  4.2113419E-15
 -5.2229546E+03  4.2142257E-15
 -5.2093027E+03  4.2696407E-15
 -5.1955972E+03  4.3163914E-15
 -5.1819097E+03  4.2972569E-15
 -5.1682935E+03  4.2745141E-15
 -5.1546060E+03  4.3976977E-15
 -5.1409360E+03  4.2834384E-15
 -5.1272842E+03  4.2254226E-15
 -5.1135962E+03  4.2433522E-15
 -5.0999443E+03  4.1611773E-15
 -5.0862744E+03  4.2127099E-15
 -5.0726226E+03  4.2133282E-15
 -5.0589707E+03  4.2723186E-15
 -5.0453008E+03  4.1994644E-15
 -5.0316133E+03  4.2659493E-15
 -5.0179614E+03  4.1937541E-15
 -5.0042734E+03  4.2078060E-15
 -4.9906216E+03  4.3103664E-15
 -4.9769521E+03  4.2939946E-15
 -4.9632642E+03  4.1939892E-15
 -4.9496123E+03  4.2772932E-15
 -4.9359424E+03  4.3112474E-15
 -4.9222549E+03  4.3063384E-15
 -4.9086387E+03  4.2650142E-15
 -4.8949512E+03  4.2792295E-15
 -4.8812812E+03  4.3071727E-15
 -4.8676294E+03  4.2863912E-15
 -4.8539414E+03  4.3670749E-15
 -4.8402896E+03  4.2951512E-15
 -4.8266196E+03  4.3594283E-15
 -4.8129678E+03  4.4577612E-15
 -4.7993159E+03  4.2551890E-15
 -4.7856641E+03  4.3375143E-15
 -4.7719585E+03  4.3523801E-15
 -4.7582710E+03  4.3524669E-15
 -4.7446187E+03  4.3217777E-15
 -4.7309668E+03  4.2760968E-15
 -4.7172974E+03  4.2206513E-15
 -4.7036450E+03  4.3437319E-15
 -4.6899575E+03  4.3898702E-15
 -4.6763057E+03  4.4230015E-15
 -4.6626001E+03  4.3620172E-15
 -4.6489839E+03  4.3866710E-15
 -4.6352964E+03  4.4199882E-15
 -4.6216440E+03  4.3902916E-15
 -4.6079746E+03  4.3790307E-15
 -4.5943228E+03  4.3374330E-15
 -4.5806348E+03  4.2984161E-15
 -4.5669829E+03  4.2731571E-15
 -4.5533130E+03  4.3984295E-15
 -4.5396255E+03  4.3139816E-15
 -4.5259736E+03  4.3145220E-15
 -4.5122856E+03  4.3778534E-15
 -4.4986162E+03  4.3467681E-15
 -4.4849639E+03  4.4884204E-15
 -4.4713120E+03  4.6079977E-15
 -4.4576602E+03  4.3780579E-15
 -4.4439902E+03  4.5628043E-15
 -4.4303027E+03  4.4232107E-15
 -4.4166509E+03  4.3941473E-15
 -4.4029990E+03  4.3640425E-15
 -4.3893291E+03  4.4204752E-15
 -4.3756416E+03  4.4812507E-15
 -4.3620254E+03  4.4118228E-15
 -4.3483198E+03  4.5219159E-15
 -4.3346318E+03  4.4123187E-15
 -4.3209800E+03  4.4756378E-15
 -4.3073281E+03  4.4772548E-15
 -4.2936582E+03  4.5809541E-15
 -4.2799707E+03  4.4307527E-15
 -4.2663188E+03  4.5620585E-15
 -4.2526670E+03  4.4413601E-15
 -4.2389790E+03  4.3845949E-15
 -4.2253091E+03  4.4831836E-15
 -4.2116572E+03  4.5371557E-15
 -4.1980054E+03  4.5587478E-15
 -4.1843354E+03  4.4616093E-15
 -4.1706479E+03  4.4802325E-15
 -4.1569961E+03  4.5238772E-15
 -4.1433442E+03  4.4890091E-15
 -4.1296743E+03  4.4187210E-15
 -4.1159868E+03  4.4442180E-15
 -4.1023345E+03  4.4426052E-15
 -4.0886475E+03  4.4964376E-15
 -4.0749773E+03  4.4914265E-15
 -4.0613252E+03  4.4630937E-15
 -4.0476733E+03  4.4768152E-15
 -4.0340215E+03  4.5020877E-15
 -4.0203513E+03  4.4774441E-15
 -4.0066643E+03  4.4450959E-15
 -3.9930120E+03  4.3658009E-15
 -3.9793245E+03  4.4736172E-15
 -3.9656543E+03  4.5067472E-15
 -3.9520027E+03  4.4938291E-15
 -3.9383503E+03  4.5396888E-15
 -3.9246985E+03  4.5062153E-15
 -3.9110291E+03  4.5786510E-15
 -3.8973413E+03  4.5976339E-15
 -3.8836536E+03  4.6147820E-15
 -3.8700374E+03  4.5005635E-15
 -3.8563318E+03  4.6374169E-15
 -3.8426799E+03  4.5494546E-15
 -3.8289922E+03  4.6070092E-15
 -3.8153403E+03  4.5622380E-15
 -3.8016704E+03  4.6129681E-15
 -3.7880186E+03  4.6507890E-15
 -3.7743667E+03  4.5986778E-15
 -3.7606968E+03  4.7439474E-15
 -3.7470093E+03  4.8908944E-15
 -3.7333572E+03  4.8945723E-15
 -3.7197053E+03  4.8346815E-15
 -3.7060176E+03  4.7672145E-15
 -3.6923479E+03  4.8671648E-15
 -3.6786958E+03  4.7039318E-15
 -3.6650083E+03  4.7146620E-15
 -3.6513562E+03  4.5638576E-15
 -3.6376865E+03  4.7982523E-15
 -3.6239988E+03  4.6724891E-15
 -3.6103826E+03  4.6209129E-15
 -3.5966948E+03  4.5978007E-15
 -3.5830251E+03  4.6422318E-15
 -3.5693733E+03  4.6038231E-15
 -3.5556855E+03  4.6365444E-15
 -3.5420156E+03  4.6026254E-15
 -3.5283638E+03  4.6309222E-15
 -3.5147119E+03  4.7053764E-15
 -3.5010598E+03  4.7132708E-15
 -3.4873545E+03  4.7535722E-15
 -3.4736667E+03  4.7704874E-15
 -3.4600149E+03  4.6708306E-15
 -3.4463628E+03  4.6300261E-15
 -3.4326931E+03  4.6613307E-15
 -3.4190410E+03  4.6439577E-15
 -3.4053535E+03  4.7041677E-15
 -3.3917014E+03  4.7419412E-15
 -3.3780317E+03  4.7498635E-15
 -3.3643440E+03  4.6906385E-15
 -3.3507278E+03  4.7329817E-15
 -3.3370400E+03  4.7289447E-15
 -3.3233704E+03  4.8383509E-15
 -3.3097185E+03  4.6219742E-15
 -3.2960308E+03  4.7471657E-15
 -3.2823789E+03  4.7144825E-15
 -3.2687090E+03  4.6746338E-15
 -3.2550212E+03  4.7798006E-15
 -3.2413694E+03  4.6373682E-15
 -3.2277175E+03  4.7042008E-15
 -3.2140120E+03  4.7217022E-15
 -3.2003601E+03  4.8125054E-15
 -3.1867080E+03  4.7451853E-15
 -3.1730562E+03  4.8386541E-15
 -3.1593862E+03  4.7731912E-15
 -3.1456987E+03  4.7530741E-15
 -3.1320466E+03  4.6192048E-15
 -3.1183948E+03  4.5157783E-15
 -3.1046892E+03  4.7879355E-15
 -3.0910730E+03  4.8814339E-15
 -3.0773855E+03  4.9215994E-15
 -3.0637334E+03  4.9580222E-15
 -3.0500637E+03  4.9561346E-15
 -3.0363760E+03  4.9529714E-15
 -3.0227241E+03  4.8320697E-15
 -3.0090720E+03  4.8790724E-15
 -2.9954023E+03  4.8747199E-15
 -2.9817146E+03  4.8172314E-15
 -2.9680627E+03  4.9199117E-15
 -2.9543750E+03  4.9687143E-15
 -2.9407053E+03  4.9887289E-15
 -2.9270532E+03  4.9536736E-15
 -2.9134014E+03  4.9452299E-15
 -2.8997314E+03  4.8475522E-15
 -2.8860796E+03  5.0203410E-15
 -2.8723918E+03  4.8898280E-15
 -2.8587400E+03  4.8972616E-15
 -2.8450703E+03  4.9321687E-15
 -2.8313826E+03  4.9880839E-15
 -2.8177307E+03  4.8937515E-15
 -2.8040430E+03  5.0047928E-15
 -2.7903909E+03  4.9242747E-15
 -2.7767212E+03  4.9808968E-15
 -2.7630693E+03  4.8788962E-15
 -2.7494172E+03  4.9384138E-15
 -2.7357476E+03  5.2925562E-15
 -2.7220598E+03  5.0442282E-15
 -2.7084080E+03  5.1129162E-15
 -2.6947559E+03  4.8128137E-15
 -2.6810505E+03  4.7601774E-15
 -2.6673984E+03  4.6523806E-15
 -2.6537466E+03  4.6161648E-15
 -2.6400947E+03  4.9361315E-15
 -2.6264248E+03  5.1106965E-15
 -2.6127014E+03  5.1134036E-15
 -2.5990852E+03  5.1591159E-15
 -2.5853975E+03  5.0719854E-15
 -2.5717278E+03  5.0770634E-15
 -2.5580759E+03  5.1120658E-15
 -2.5444238E+03  5.0810491E-15
 -2.5307363E+03  5.2290766E-15
 -2.5170664E+03  5.1033667E-15
 -2.5034146E+03  5.1924881E-15
 -2.4897625E+03  5.0561146E-15
 -2.4761106E+03  5.1108054E-15
 -2.4624050E+03  5.0974832E-15
 -2.4487532E+03  5.2441250E-15
 -2.4351011E+03  5.0573042E-15
 -2.4214136E+03  5.1084667E-15
 -2.4077437E+03  5.1599617E-15
 -2.3940918E+03  5.1699715E-15
 -2.3804041E+03  5.1248106E-15
 -2.3667522E+03  5.1542616E-15
 -2.3530823E+03  5.1764445E-15
 -2.3394304E+03  5.2863470E-15
 -2.3257427E+03  5.2371043E-15
 -2.3121086E+03  5.3023166E-15
 -2.2984211E+03  5.2400795E-15
 -2.2847690E+03  5.2713901E-15
 -2.2710815E+03  5.2114528E-15
 -2.2574294E+03  5.2831059E-15
 -2.2437598E+03  5.2338780E-15
 -2.2301077E+03  5.3251365E-15
 -2.2164558E+03  5.3195507E-15
 -2.2027861E+03  5.2921674E-15
 -2.1890625E+03  5.3684512E-15
 -2.1754106E+03  5.3073767E-15
 -2.1617588E+03  5.3174018E-15
 -2.1480889E+03  5.3494222E-15
 -2.1344370E+03  5.4537732E-15
 -2.1207493E+03  5.3603231E-15
 -2.1070974E+03  5.3955537E-15
 -2.0934275E+03  5.3028714E-15
 -2.0797756E+03  5.4741169E-15
 -2.0660879E+03  5.4908187E-15
 -2.0524717E+03  5.5075340E-15
 -2.0387661E+03  5.4672707E-15
 -2.0251143E+03  5.3990697E-15
 -2.0114624E+03  5.3840561E-15
 -1.9977747E+03  5.5155046E-15
 -1.9841047E+03  5.5144242E-15
 -1.9704530E+03  5.5180520E-15
 -1.9567653E+03  5.4730466E-15
 -1.9431134E+03  5.5284786E-15
 -1.9294257E+03  5.5795428E-15
 -1.9157559E+03  5.4971909E-15
 -1.9021040E+03  5.4979651E-15
 -1.8884520E+03  5.5967367E-15
 -1.8747822E+03  5.5517868E-15
 -1.8611302E+03  5.6361356E-15
 -1.8474426E+03  5.6226056E-15
 -1.8337906E+03  5.6137303E-15
 -1.8201208E+03  5.6217221E-15
 -1.8064332E+03  5.6760580E-15
 -1.7928170E+03  5.7735282E-15
 -1.7791294E+03  5.7780890E-15
 -1.7654595E+03  5.7161252E-15
 -1.7517719E+03  5.8755059E-15
 -1.7381199E+03  5.7557786E-15
 -1.7244680E+03  5.6931901E-15
 -1.7107982E+03  5.8692582E-15
 -1.6971105E+03  5.8367876E-15
 -1.6834586E+03  5.8604109E-15
 -1.6698066E+03  5.7099584E-15
 -1.6561011E+03  5.9123895E-15
 -1.6424492E+03  5.9149403E-15
 -1.6287972E+03  5.8552224E-15
 -1.6151453E+03  5.9388470E-15
 -1.6014755E+03  5.9497860E-15
 -1.5877878E+03  6.0290594E-15
 -1.5741359E+03  5.9116229E-15
 -1.5604661E+03  6.1185450E-15
 -1.5467784E+03  6.0491332E-15
 -1.5331265E+03  6.0914671E-15
 -1.5194746E+03  6.1348026E-15
 -1.5057869E+03  5.9849671E-15
 -1.4921171E+03  6.1826650E-15
 -1.4784651E+03  6.1359067E-15
 -1.4648132E+03  6.2581450E-15
 -1.4511434E+03  6.1614024E-15
 -1.4374557E+03  6.2964609E-15
 -1.4238038E+03  6.1159366E-15
 -1.4101519E+03  6.2123154E-15
 -1.3964642E+03  6.3012094E-15
 -1.3827944E+03  6.1975635E-15
 -1.3691425E+03  6.4326617E-15
 -1.3554905E+03  6.3669002E-15
 -1.3418207E+03  6.3444792E-15
 -1.3281331E+03  6.4149600E-15
 -1.3144454E+03  6.4043598E-15
 -1.3008292E+03  6.4285341E-15
 -1.2871237E+03  6.4481654E-15
 -1.2734717E+03  6.4952651E-15
 -1.2598198E+03  6.4995379E-15
 -1.2461321E+03  6.4806673E-15
 -1.2324623E+03  6.5446090E-15
 -1.2188103E+03  6.5207866E-15
 -1.2051584E+03  6.5070943E-15
 -1.1915065E+03  6.5356190E-15
 -1.1778367E+03  6.5479255E-15
 -1.1641490E+03  6.5854076E-15
 -1.1504971E+03  6.7309748E-15
 -1.1368451E+03  6.6908323E-15
 -1.1231396E+03  6.6025490E-15
 -1.1094877E+03  6.6978686E-15
 -1.0958000E+03  6.6398616E-15
 -1.0821481E+03  6.7072672E-15
 -1.0684783E+03  6.7759087E-15
 -1.0547906E+03  6.7410160E-15
 -1.0411744E+03  6.8297325E-15
 -1.0274867E+03  6.7416936E-15
 -1.0138170E+03  6.9242042E-15
 -1.0001650E+03  6.8562447E-15
 -9.8651312E+02  6.7935740E-15
 -9.7282538E+02  6.9222662E-15
 -9.5915558E+02  6.8629074E-15
 -9.4550366E+02  6.8494434E-15
 -9.3185168E+02  6.9345139E-15
 -9.1818188E+02  6.8252996E-15
 -9.0449426E+02  6.9410979E-15
 -8.9080658E+02  6.9105585E-15
 -8.7715460E+02  6.9372104E-15
 -8.6350269E+02  6.9205899E-15
 -8.4983289E+02  7.0237941E-15
 -8.3618097E+02  6.9998765E-15
 -8.2249329E+02  6.8729947E-15
 -8.0884137E+02  6.8790828E-15
 -7.9517157E+02  6.9483790E-15
 -7.8151959E+02  6.9645840E-15
 -7.6783197E+02  6.9912329E-15
 -7.5417999E+02  6.9301771E-15
 -7.4051019E+02  7.0008726E-15
 -7.2685828E+02  6.9552683E-15
 -7.1317059E+02  6.9460441E-15
 -6.9950079E+02  6.9798911E-15
 -6.8584888E+02  7.0902070E-15
 -6.7216119E+02  6.8991062E-15
 -6.5850928E+02  6.8947745E-15
 -6.4483948E+02  6.8083814E-15
 -6.3115179E+02  6.9217089E-15
 -6.1749988E+02  6.7995527E-15
 -6.0384790E+02  6.9329820E-15
 -5.9017810E+02  6.8375091E-15
 -5.7652618E+02  6.7753560E-15
 -5.6283850E+02  6.8124590E-15
 -5.4918658E+02  6.8876637E-15
 -5.3551678E+02  6.7876574E-15
 -5.2186481E+02  6.7756461E-15
 -5.0817715E+02  6.8152868E-15
 -4.9456097E+02  6.7542678E-15
 -4.8085544E+02  6.7860684E-15
 -4.6716776E+02  6.8033081E-15
 -4.5351581E+02  6.7794065E-15
 -4.3986389E+02  6.7188906E-15
 -4.2619409E+02  6.7458335E-15
 -4.1250641E+02  6.6724665E-15
 -3.9885446E+02  6.6280087E-15
 -3.8520255E+02  6.6481668E-15
 -3.7149701E+02  6.6733724E-15
 -3.5784506E+02  6.6815988E-15
 -3.4419315E+02  6.6361326E-15
 -3.3054120E+02  6.6184351E-15
 -3.1687140E+02  6.5530645E-15
 -3.0321945E+02  6.6814827E-15
 -2.8953180E+02  6.5354419E-15
 -2.7587985E+02  6.5520311E-15
 -2.6221005E+02  6.4768908E-15
 -2.4852238E+02  6.5388288E-15
 -2.3487045E+02  6.4365517E-15
 -2.2118277E+02  6.4714084E-15
 -2.0751297E+02  6.5475435E-15
 -1.9386104E+02  6.4544127E-15
 -1.8020911E+02  6.5776754E-15
 -1.6653931E+02  6.5352353E-15
 -1.5288736E+02  6.4309274E-15
 -1.3919969E+02  6.0897476E-15
 -1.2554775E+02  5.3482977E-15
 -1.1187796E+02  4.1834127E-15
 -9.8190285E+01  2.9265189E-15
 -8.4538353E+01  2.1502113E-15
 -7.0886414E+01  2.5004184E-15
 -5.7216614E+01  4.1247303E-15
 -4.3564678E+01  6.4939843E-15
 -2.9877007E+01  8.3833680E-15
 -1.6189335E+01  9.2622087E-15
 -2.5552704E+00  9.0413245E-15
  1.1114532E+01  8.1217746E-15
  2.4802204E+01  7.4201840E-15
  3.8454140E+01  6.8921144E-15
  5.2141811E+01  6.5731040E-15
  6.5793747E+01  6.5624678E-15
  7.9445679E+01  6.5066737E-15
  9.3097610E+01  6.4010822E-15
  1.0674955E+02  6.4724278E-15
  1.2043722E+02  6.3008905E-15
  1.3412489E+02  6.3058435E-15
  1.4777682E+02  6.4056388E-15
  1.6146449E+02  6.3876842E-15
  1.7511642E+02  6.4371861E-15
  1.8876837E+02  6.3471037E-15
  2.0245604E+02  6.3570136E-15
  2.1610797E+02  6.3406117E-15
  2.2975990E+02  6.2312830E-15
  2.4348332E+02  6.3897044E-15
  2.5709952E+02  6.4031354E-15
  2.7078717E+02  6.3203693E-15
  2.8443912E+02  6.2264359E-15
  2.9809106E+02  6.3487271E-15
  3.1177872E+02  6.2612125E-15
  3.2543066E+02  6.2176487E-15
  3.3908258E+02  6.2844657E-15
  3.5277026E+02  6.3071043E-15
  3.6642221E+02  6.2672569E-15
  3.8007413E+02  6.2532500E-15
  3.9379755E+02  6.2494853E-15
  4.0744946E+02  6.2130553E-15
  4.2110141E+02  6.1627335E-15
  4.3475336E+02  6.1426020E-15
  4.4840527E+02  6.1706147E-15
  4.6212869E+02  6.1706232E-15
  4.7578061E+02  6.1967893E-15
  4.8943253E+02  6.0696450E-15
  5.0312024E+02  6.1643433E-15
  5.1673645E+02  6.0546140E-15
  5.3042407E+02  6.1263890E-15
  5.4407605E+02  6.1007328E-15
  5.5776373E+02  6.0776257E-15
  5.7141565E+02  6.0582613E-15
  5.8510333E+02  6.0674571E-15
  5.9875525E+02  5.9682632E-15
  6.1244293E+02  5.9743834E-15
  6.2609485E+02  5.9586320E-15
  6.3974677E+02  6.0870079E-15
  6.5343445E+02  5.8133108E-15
  6.6708636E+02  5.7496232E-15
  6.8077405E+02  5.4748961E-15
  6.9442603E+02  5.3522843E-15
  7.0807794E+02  5.4429422E-15
  7.2172986E+02  5.7245248E-15
  7.3541754E+02  6.0705708E-15
  7.4906946E+02  6.0000282E-15
  7.6272137E+02  5.9500723E-15
  7.7640906E+02  5.9703177E-15
  7.9009674E+02  5.8622557E-15
  8.0374866E+02  5.9059152E-15
  8.1740063E+02  5.8617064E-15
  8.3108832E+02  5.8276650E-15
  8.4474023E+02  5.8129580E-15
  8.5839215E+02  5.8238445E-15
  8.7204407E+02  5.6644498E-15
  8.8576752E+02  5.6846613E-15
  8.9941943E+02  5.7606893E-15
  9.1307135E+02  5.7205213E-15
  9.2675903E+02  5.6824827E-15
  9.4041095E+02  5.6603692E-15
  9.5406293E+02  5.6180595E-15
  9.6771484E+02  5.6122557E-15
  9.8136670E+02  5.7554555E-15
  9.9509021E+02  5.5534474E-15
  1.0087421E+03  5.5843065E-15
  1.0223940E+03  5.7074262E-15
  1.0360818E+03  5.6562065E-15
  1.0497336E+03  5.4325902E-15
  1.0633856E+03  5.4870070E-15
  1.0770732E+03  5.5215460E-15
  1.0907252E+03  5.3914744E-15
  1.1044128E+03  5.2896649E-15
  1.1180648E+03  5.4499218E-15
  1.1317168E+03  5.3248248E-15
  1.1454044E+03  5.5198537E-15
  1.1590564E+03  5.5225985E-15
  1.1727083E+03  5.3960378E-15
  1.1863960E+03  5.4958255E-15
  1.2000479E+03  5.4468102E-15
  1.2137356E+03  5.5690900E-15
  1.2273875E+03  5.5393706E-15
  1.2410394E+03  5.4746217E-15
  1.2547271E+03  5.4443966E-15
  1.2683790E+03  5.4352872E-15
  1.2820667E+03  5.4612403E-15
  1.2957186E+03  5.3898011E-15
  1.3093706E+03  5.4094844E-15
  1.3230582E+03  5.3146858E-15
  1.3367460E+03  5.2838025E-15
  1.3503978E+03  5.2588993E-15
  1.3640498E+03  5.2742205E-15
  1.3777017E+03  5.1635230E-15
  1.3913536E+03  5.2288788E-15
  1.4050056E+03  5.1904222E-15
  1.4187290E+03  5.1535157E-15
  1.4323810E+03  5.1584057E-15
  1.4460328E+03  5.1808910E-15
  1.4597206E+03  5.6023390E-15
  1.4733724E+03  6.2072993E-15
  1.4870602E+03  7.5110723E-15
  1.5007120E+03  8.2217778E-15
  1.5143640E+03  8.4833162E-15
  1.5280516E+03  7.9587250E-15
  1.5417394E+03  7.1414508E-15
  1.5553556E+03  6.2186097E-15
  1.5690432E+03  5.5190668E-15
  1.5826952E+03  5.3318433E-15
  1.5963470E+03  5.1315674E-15
  1.6100348E+03  5.0582368E-15
  1.6236866E+03  5.1335745E-15
  1.6373744E+03  5.0433752E-15
  1.6510262E+03  5.1412715E-15
  1.6646782E+03  4.9657988E-15
  1.6783660E+03  5.0715069E-15
  1.6920536E+03  5.0191098E-15
  1.7057056E+03  5.0039365E-15
  1.7193574E+03  4.9404590E-15
  1.7330094E+03  5.0001041E-15
  1.7466970E+03  4.9685233E-15
  1.7603848E+03  5.0001608E-15
  1.7740366E+03  4.9279991E-15
  1.7876886E+03  4.8555122E-15
  1.8013762E+03  4.9519770E-15
  1.8149924E+03  4.9339402E-15
  1.8286802E+03  4.9573759E-15
  1.8423320E+03  4.8731567E-15
  1.8560198E+03  4.8119768E-15
  1.8697074E+03  4.8008544E-15
  1.8833594E+03  4.8689419E-15
  1.8970112E+03  4.7822057E-15
  1.9106990E+03  4.8206868E-15
  1.9243508E+03  4.8404248E-15
  1.9380028E+03  4.7878283E-15
  1.9516906E+03  4.8748110E-15
  1.9653782E+03  4.8100909E-15
  1.9790302E+03  4.8362481E-15
  1.9926820E+03  4.7764014E-15
  2.0063341E+03  4.8171031E-15
  2.0200217E+03  4.8156550E-15
  2.0336737E+03  4.8487859E-15
  2.0473253E+03  4.8706542E-15
  2.0610132E+03  4.7696993E-15
  2.0746650E+03  4.7628311E-15
  2.0883528E+03  4.7665678E-15
  2.1020046E+03  4.7964096E-15
  2.1156924E+03  4.7241683E-15
  2.1293442E+03  4.8699245E-15
  2.1429963E+03  4.7797121E-15
  2.1566482E+03  4.6830529E-15
  2.1703359E+03  4.7325188E-15
  2.1840234E+03  4.8306293E-15
  2.1976755E+03  4.6227310E-15
  2.2113630E+03  4.6695914E-15
  2.2250151E+03  4.7249073E-15
  2.2386670E+03  4.7318458E-15
  2.2523188E+03  4.6291384E-15
  2.2659709E+03  4.6581014E-15
  2.2796584E+03  4.7220994E-15
  2.2933462E+03  4.5606871E-15
  2.3069980E+03  4.6799849E-15
  2.3206858E+03  4.6376545E-15
  2.3343376E+03  4.6053821E-15
  2.3479897E+03  4.6278314E-15
  2.3616775E+03  4.6597455E-15
  2.3753293E+03  4.5949047E-15
  2.3890171E+03  4.5751642E-15
  2.4026689E+03  4.6827009E-15
  2.4163208E+03  4.5973454E-15
  2.4299729E+03  4.6176179E-15
  2.4436604E+03  4.5998056E-15
  2.4573125E+03  4.5675015E-15
  2.4709644E+03  4.4998901E-15
  2.4846521E+03  4.5298695E-15
  2.4983396E+03  4.5341852E-15
  2.5119917E+03  4.4748657E-15
  2.5256436E+03  4.4737570E-15
  2.5393313E+03  4.5336096E-15
  2.5530188E+03  4.6195614E-15
  2.5666350E+03  4.5299631E-15
  2.5803228E+03  4.4874023E-15
  2.5939746E+03  4.5419613E-15
  2.6076624E+03  4.5100422E-15
  2.6213142E+03  4.6527397E-15
  2.6350020E+03  4.5229205E-15
  2.6486538E+03  4.5223542E-15
  2.6623059E+03  4.5128725E-15
  2.6759578E+03  4.4590491E-15
  2.6896096E+03  4.4192047E-15
  2.7032974E+03  4.4487314E-15
  2.7169851E+03  4.4876809E-15
  2.7306370E+03  4.4231832E-15
  2.7443247E+03  4.4733110E-15
  2.7579766E+03  4.5814585E-15
  2.7716284E+03  4.4493099E-15
  2.7853162E+03  4.4136774E-15
  2.7989680E+03  4.4871024E-15
  2.8126558E+03  4.4674195E-15
  2.8263076E+03  4.4727134E-15
  2.8399954E+03  4.4540385E-15
  2.8536472E+03  4.4877165E-15
  2.8672993E+03  4.0603990E-15
  2.8809512E+03  4.5547812E-15
  2.8946389E+03  4.1279278E-15
  2.9082908E+03  4.0917036E-15
  2.9219785E+03  4.5289513E-15
  2.9356304E+03  4.3530082E-15
  2.9492822E+03  4.4186837E-15
  2.9629343E+03  4.4689509E-15
  2.9766577E+03  4.4300297E-15
  2.9903096E+03  4.3428319E-15
  3.0039617E+03  4.1936999E-15
  3.0176135E+03  4.1483739E-15
  3.0313013E+03  4.2334618E-15
  3.0449888E+03  4.3549568E-15
  3.0586409E+03  4.5459407E-15
  3.0722927E+03  4.4119354E-15
  3.0859446E+03  4.4525320E-15
  3.0996323E+03  4.4617537E-15
  3.1132485E+03  4.4035367E-15
  3.1269363E+03  4.3328967E-15
  3.1406238E+03  4.3971196E-15
  3.1542759E+03  4.3366715E-15
  3.1679634E+03  4.2948543E-15
  3.1816155E+03  4.3677182E-15
  3.1953030E+03  4.3859629E-15
  3.2089551E+03  4.4257514E-15
  3.2226069E+03  4.4587387E-15
  3.2362947E+03  4.4059012E-15
  3.2499822E+03  4.3641916E-15
  3.2636343E+03  4.4177147E-15
  3.2772861E+03  4.3080257E-15
  3.2909380E+03  4.2825147E-15
  3.3045901E+03  4.3854589E-15
  3.3182776E+03  4.3217120E-15
  3.3319297E+03  4.2737301E-15
  3.3455815E+03  4.3301205E-15
  3.3593049E+03  4.2495825E-15
  3.3729211E+03  4.3617741E-15
  3.3866089E+03  4.2766757E-15
  3.4002964E+03  4.2860299E-15
  3.4139485E+03  4.3722075E-15
  3.4276003E+03  4.3140900E-15
  3.4412522E+03  4.2643700E-15
  3.4549399E+03  4.3308003E-15
  3.4686277E+03  4.2435444E-15
  3.4822795E+03  4.3166963E-15
  3.4959314E+03  4.3242175E-15
  3.5096191E+03  4.3595058E-15
  3.5232712E+03  4.2551831E-15
  3.5369231E+03  4.2309677E-15
  3.5505750E+03  4.2845607E-15
  3.5642627E+03  4.3125137E-15
  3.5779504E+03  4.2493144E-15
  3.5916023E+03  4.2614795E-15
  3.6052542E+03  4.3233642E-15
  3.6189419E+03  4.3373042E-15
  3.6325938E+03  4.2506006E-15
  3.6462458E+03  4.2930497E-15
  3.6599333E+03  4.1633406E-15
  3.6736211E+03  4.1912245E-15
  3.6872729E+03  4.2448764E-15
  3.7009250E+03  4.1953487E-15
  3.7145769E+03  4.2954930E-15
  3.7282646E+03  4.3215837E-15
  3.7419165E+03  4.3112829E-15
  3.7555684E+03  4.3012778E-15
  3.7692561E+03  4.3394133E-15
  3.7829438E+03  4.2833749E-15
  3.7965957E+03  4.2825931E-15
  3.8102476E+03  4.2715270E-15
  3.8238997E+03  4.3244628E-15
  3.8375872E+03  4.2540146E-15
  3.8512749E+03  4.3471510E-15
  3.8648911E+03  4.2139415E-15
  3.8785789E+03  4.3079291E-15
  3.8922664E+03  4.2250596E-15
  3.9059185E+03  4.2705690E-15
  3.9196062E+03  4.2926961E-15
  3.9332578E+03  4.3205342E-15
  3.9469097E+03  4.3415830E-15
  3.9605620E+03  4.2390801E-15
  3.9742136E+03  4.2584658E-15
  3.9879014E+03  4.2127539E-15
  4.0015894E+03  4.3685618E-15
  4.0152407E+03  4.2499095E-15
  4.0289287E+03  4.3396653E-15
  4.0425806E+03  4.2702929E-15
  4.0562324E+03  4.2975072E-15
  4.0699207E+03  4.3116768E-15
  4.0835723E+03  4.1912719E-15
  4.0972241E+03  4.2792905E-15
  4.1109478E+03  4.3033276E-15
  4.1245640E+03  4.3166205E-15
  4.1382515E+03  4.3578287E-15
  4.1519033E+03  4.3388327E-15
  4.1655552E+03  4.2857114E-15
  4.1792070E+03  4.2841872E-15
  4.1928950E+03  4.3352942E-15
  4.2065825E+03  4.2518631E-15
  4.2202344E+03  4.2251054E-15
  4.2338862E+03  4.1947028E-15
  4.2475386E+03  4.3036723E-15
  4.2612617E+03  4.3254775E-15
  4.2749136E+03  4.1965303E-15
  4.2885654E+03  4.2297649E-15
  4.3022178E+03  4.2553546E-15
  4.3159053E+03  4.3044321E-15
  4.3295571E+03  4.3247482E-15
  4.3432451E+03  4.3153148E-15
  4.3568970E+03  4.2061712E-15
  4.3705845E+03  4.3232020E-15
  4.3842007E+03  4.2761819E-15
  4.3978882E+03  4.2543335E-15
  4.4115405E+03  4.3204017E-15
  4.4252280E+03  4.2532082E-15
  4.4388799E+03  4.1778791E-15
  4.4525674E+03  4.2265178E-15
  4.4662197E+03  4.2440285E-15
  4.4798716E+03  4.2042514E-15
  4.4935591E+03  4.3318951E-15
  4.5072109E+03  4.2697770E-15
  4.5208628E+03  4.2850262E-15
  4.5345864E+03  4.3550898E-15
  4.5482383E+03  4.2246048E-15
  4.5618901E+03  4.2315225E-15
  4.5755420E+03  4.2108939E-15
  4.5891943E+03  4.2895908E-15
  4.6028818E+03  4.2865356E-15
  4.6165337E+03  4.2282597E-15
  4.6301855E+03  4.2191592E-15
  4.6438735E+03  4.2028953E-15
  4.6575610E+03  4.1634367E-15
  4.6711772E+03  4.1788315E-15
  4.6848647E+03  4.2882987E-15
  4.6985527E+03  4.3143115E-15
  4.7122046E+03  4.2350110E-15
  4.7258564E+03  4.1915015E-15
  4.7395083E+03  4.2767011E-15
  4.7532319E+03  4.1777012E-15
  4.7668838E+03  4.1992984E-15
  4.7805356E+03  4.2321794E-15
  4.7942231E+03  4.2393935E-15
  4.8078750E+03  4.2672605E-15
  4.8215273E+03  4.1934149E-15
  4.8351792E+03  4.2661115E-15
  4.8488667E+03  4.1948820E-15
  4.8625186E+03  4.2723376E-15
  4.8762065E+03  4.2322001E-15
  4.8898584E+03  4.2709265E-15
  4.9035103E+03  4.2561483E-15
  4.9171978E+03  4.3594389E-15
  4.9308496E+03  4.2901842E-15
  4.9445376E+03  4.3319827E-15
  4.9581895E+03  4.3752055E-15
  4.9718770E+03  4.2208351E-15
  4.9855293E+03  4.3902497E-15
  4.9991812E+03  4.2966288E-15
  5.0128330E+03  4.3175450E-15
  5.0265205E+03  4.2934470E-15
  5.0401724E+03  4.2368533E-15
  5.0538604E+03  4.3096617E-15
  5.0675479E+03  4.2754318E-15
  5.0811997E+03  4.2631922E-15
  5.0948516E+03  4.1671272E-15
  5.1085039E+03  4.3058433E-15
  5.1221914E+03  4.2438629E-15
  5.1358433E+03  4.3005442E-15
  5.1495308E+03  4.2979773E-15
  5.1631470E+03  4.2230932E-15
  5.1768706E+03  4.0909099E-15
  5.1905225E+03  4.0366448E-15
  5.2041743E+03  4.0622468E-15
  5.2178623E+03  4.2107753E-15
  5.2315142E+03  4.3759624E-15
  5.2451660E+03  4.3461189E-15
  5.2588179E+03  4.3573450E-15
  5.2724697E+03  4.2923704E-15
  5.2861934E+03  4.2442127E-15
  5.2998452E+03  4.3141281E-15
  5.3134971E+03  4.1394221E-15
  5.3271846E+03  4.3496353E-15
  5.3408369E+03  4.2820425E-15
  5.3544888E+03  4.2581244E-15
  5.3681763E+03  4.2614757E-15
  5.3818281E+03  4.2168976E-15
  5.3955161E+03  4.1976568E-15
  5.4092036E+03  4.1217000E-15
  5.4228198E+03  4.3399741E-15
  5.4365073E+03  4.2376720E-15
  5.4501592E+03  4.2502398E-15
  5.4638115E+03  4.2023092E-15
  5.4774990E+03  4.1826542E-15
  5.4911509E+03  4.1069176E-15
  5.5048389E+03  4.2032989E-15
  5.5184907E+03  4.2497794E-15
  5.5321426E+03  4.3259061E-15
  5.5457944E+03  4.1558795E-15
  5.5595181E+03  4.2332928E-15
  5.5731699E+03  4.1984446E-15
  5.5868218E+03  4.2315568E-15
  5.6005093E+03  4.1416011E-15
  5.6141611E+03  4.1992946E-15
  5.6278491E+03  4.3209323E-15
  5.6415010E+03  4.1772844E-15
  5.6551528E+03  4.3120533E-15
  5.6688403E+03  4.2607727E-15
  5.6824565E+03  4.2412003E-15
  5.6961445E+03  4.2365797E-15
  5.7098320E+03  4.1506541E-15
  5.7234839E+03  4.1488576E-15
  5.7371719E+03  4.2611564E-15
  5.7508237E+03  4.2226303E-15
  5.7644756E+03  4.1732187E-15
  5.7781631E+03  4.2338781E-15
  5.7918149E+03  4.2790974E-15
  5.8054673E+03  4.2685933E-15
  5.8191904E+03  4.1951390E-15
  5.8328423E+03  4.1929160E-15
  5.8464941E+03  4.2778594E-15
  5.8601465E+03  4.2452110E-15
  5.8737983E+03  4.2230217E-15
  5.8874502E+03  4.1865218E-15
  5.9011377E+03  4.2001742E-15
  5.9147896E+03  4.2570495E-15
  5.9285132E+03  4.2364861E-15
  5.9421294E+03  4.1737396E-15
  5.9558169E+03  4.2606011E-15
  5.9694688E+03  4.1526265E-15
  5.9831567E+03  4.1535485E-15
  5.9968086E+03  4.1978881E-15
  6.0104604E+03  4.2125655E-15
  6.0241123E+03  4.2064973E-15
  6.0378003E+03  4.3185187E-15
  6.0514878E+03  4.1964299E-15
  6.0651396E+03  4.1851093E-15
  6.0788276E+03  4.2078547E-15
  6.0924795E+03  4.1758877E-15
  6.1061313E+03  4.1834136E-15
  6.1197832E+03  4.1406824E-15
  6.1334351E+03  4.2846696E-15
  6.1471230E+03  4.1357311E-15
  6.1608105E+03  4.1933298E-15
  6.1744624E+03  4.2196861E-15
  6.1881143E+03  4.2210566E-15
  6.2018022E+03  4.2001454E-15
  6.2154541E+03  4.2703594E-15
  6.2291060E+03  4.1745744E-15
  6.2427935E+03  4.2666540E-15
  6.2564814E+03  4.2575323E-15
  6.2701333E+03  4.2037669E-15
  6.2837852E+03  4.2228938E-15
  6.2974370E+03  4.2318740E-15
  6.3111245E+03  4.1705077E-15
  6.3247769E+03  4.2178277E-15
  6.3384287E+03  4.2632689E-15
  6.3521162E+03  4.0573395E-15
  6.3658037E+03  4.2330696E-15
  6.3794561E+03  4.1506897E-15
  6.3931079E+03  4.2215131E-15
  6.4067598E+03  4.1602968E-15
  6.4204829E+03  4.1756425E-15
  6.4340991E+03  4.2854192E-15
  6.4477871E+03  4.2515633E-15
  6.4614746E+03  4.1563716E-15
  6.4751265E+03  4.1817970E-15
  6.4887783E+03  4.1975751E-15
  6.5024663E+03  4.2306276E-15
  6.5161182E+03  4.2691240E-15
  6.5297700E+03  4.2556435E-15
  6.5434219E+03  4.2447718E-15
  6.5570737E+03  4.1885072E-15
  6.5707617E+03  4.0724616E-15
  6.5844492E+03  4.2435394E-15
  6.5981011E+03  4.1455872E-15
  6.6117891E+03  4.2386427E-15
  6.6254409E+03  4.2887951E-15
  6.6390928E+03  4.2536805E-15
  6.6527803E+03  4.1851169E-15
  6.6664326E+03  4.3054579E-15
  6.6801201E+03  4.1210855E-15
  6.6937720E+03  4.2668942E-15
  6.7074595E+03  4.3098917E-15
  6.7210757E+03  4.1972367E-15
  6.7347637E+03  4.1794067E-15
  6.7484155E+03  4.2300110E-15
  6.7621030E+03  4.1914621E-15
  6.7757549E+03  4.1689632E-15
  6.7894429E+03  4.1650516E-15
  6.8030947E+03  4.1823831E-15
  6.8167466E+03  4.1701600E-15
  6.8303984E+03  4.2180932E-15
  6.8441221E+03  4.2613817E-15
  6.8577739E+03  4.2044136E-15
  6.8714258E+03  4.2530520E-15
  6.8850776E+03  4.1616169E-15
  6.8987656E+03  4.2275969E-15
  6.9124175E+03  4.3754770E-15
  6.9261050E+03  4.1349997E-15
  6.9397568E+03  4.0234018E-15
  6.9534087E+03  4.1140873E-15
  6.9670967E+03  4.2383568E-15
  6.9807129E+03  4.2081512E-15
  6.9944360E+03  4.2566281E-15
  7.0080879E+03  4.2896497E-15
  7.0217402E+03  4.2343465E-15
  7.0354277E+03  4.1543879E-15
  7.0490796E+03  4.1850970E-15
  7.0627314E+03  4.2161539E-15
  7.0764194E+03  4.1915768E-15
  7.0900713E+03  4.2446079E-15
  7.1037588E+03  4.2471011E-15
  7.1174463E+03  4.2516772E-15
  7.1310986E+03  4.1867454E-15
  7.1447505E+03  4.2402876E-15
  7.1584023E+03  4.2333004E-15
  7.1720542E+03  4.1952047E-15
  7.1857417E+03  4.2479685E-15
  7.1993940E+03  4.2659036E-15
  7.2130815E+03  4.2556011E-15
  7.2267690E+03  4.2285947E-15
  7.2403853E+03  4.1973062E-15
  7.2540732E+03  4.2841694E-15
  7.2677251E+03  4.2427965E-15
  7.2814126E+03  4.2802548E-15
  7.2950645E+03  4.2426805E-15
  7.3087168E+03  4.2034213E-15
  7.3224043E+03  4.1176444E-15
  7.3360918E+03  4.3512722E-15
  7.3497437E+03  4.2583510E-15
  7.3633960E+03  4.3607382E-15
  7.3770835E+03  4.3117895E-15
  7.3907354E+03  4.2082634E-15
  7.4043872E+03  4.3386561E-15
  7.4180391E+03  4.2907199E-15
  7.4317271E+03  4.2241652E-15
  7.4454146E+03  4.2976584E-15
  7.4590664E+03  4.3446107E-15
  7.4727183E+03  4.3047731E-15
  7.4864062E+03  4.3054680E-15
  7.5000581E+03  4.1267310E-15
  7.5137100E+03  4.2043984E-15
  7.5273975E+03  4.3042919E-15
  7.5410854E+03  4.3892354E-15
  7.5547373E+03  4.1882412E-15
  7.5683892E+03  4.2512465E-15
  7.5820410E+03  4.2909063E-15
  7.5956929E+03  4.2971671E-15
  7.6093809E+03  4.3038794E-15
  7.6230327E+03  4.4242390E-15
  7.6367202E+03  4.4397456E-15
  7.6504082E+03  4.4169871E-15
  7.6640601E+03  4.4495556E-15
  7.6777119E+03  4.3087164E-15
  7.6913638E+03  4.3737601E-15
  7.7050513E+03  4.3882100E-15
  7.7187393E+03  4.2582011E-15
  7.7323555E+03  4.3068508E-15
  7.7460430E+03  4.2248441E-15
  7.7597310E+03  4.2147407E-15
  7.7733828E+03  4.2524823E-15
  7.7870703E+03  4.3080036E-15
  7.8007222E+03  4.3357935E-15
  7.8143740E+03  4.3156922E-15
  7.8280259E+03  4.2875541E-15
  7.8416782E+03  4.3094876E-15
  7.8553662E+03  4.2430955E-15
  7.8690537E+03  4.3134111E-15
  7.8827061E+03  4.2644988E-15
  7.8963574E+03  4.3319023E-15
  7.9100449E+03  4.4233691E-15
  7.9236973E+03  4.3206380E-15
  7.9373486E+03  4.2730860E-15
  7.9510371E+03  4.2999348E-15
  7.9647236E+03  4.3933600E-15
  7.9784116E+03  4.2865962E-15
  7.9920283E+03  4.3948410E-15
  8.0057153E+03  4.3704939E-15
  8.0193672E+03  4.3568478E-15
  8.0330190E+03  4.3581285E-15
  8.0466719E+03  4.3973538E-15
  8.0603589E+03  4.4187443E-15
  8.0740469E+03  4.3517059E-15
  8.0876978E+03  4.3644736E-15
  8.1013506E+03  4.3715959E-15
  8.1150024E+03  4.3744648E-15
  8.1286909E+03  4.3051555E-15
  8.1423789E+03  4.2942855E-15
  8.1560298E+03  4.3449224E-15
  8.1696816E+03  4.3351210E-15
  8.1833696E+03  4.3475957E-15
  8.1970215E+03  4.3205025E-15
  8.2107090E+03  4.3999715E-15
  8.2243613E+03  4.2865093E-15
  8.2380127E+03  4.3532212E-15
  8.2516650E+03  4.3044114E-15
  8.2653525E+03  4.3534597E-15
  8.2790049E+03  4.3900621E-15
  8.2926924E+03  4.2819434E-15
  8.3063438E+03  4.2910613E-15
  8.3200322E+03  4.3895293E-15
  8.3336836E+03  4.3564920E-15
  8.3473359E+03  4.3879691E-15
  8.3610234E+03  4.3612913E-15
  8.3746758E+03  4.3071960E-15
  8.3883633E+03  4.4077536E-15
  8.4020508E+03  4.3057344E-15
  8.4157021E+03  4.4159504E-15
  8.4293545E+03  4.3125230E-15
  8.4430068E+03  4.3338021E-15
  8.4566582E+03  4.3217891E-15
  8.4703457E+03  4.2827172E-15
  8.4839980E+03  4.4433061E-15
  8.4976855E+03  4.3918887E-15
  8.5113379E+03  4.3683941E-15
  8.5250254E+03  4.3670368E-15
  8.5386416E+03  4.4881053E-15
  8.5523291E+03  4.3790206E-15
  8.5660166E+03  4.3603744E-15
  8.5796689E+03  4.3767298E-15
  8.5933203E+03  4.3442639E-15
  8.6070088E+03  4.4537750E-15
  8.6206602E+03  4.3259908E-15
  8.6343477E+03  4.3506560E-15
  8.6480000E+03  4.3716179E-15
  8.6616875E+03  4.4739022E-15
  8.6753398E+03  4.3397390E-15
  8.6889912E+03  4.2564363E-15
  8.7026436E+03  4.3210607E-15
  8.7163311E+03  4.4420436E-15
  8.7299834E+03  4.2845662E-15
  8.7436709E+03  4.4519095E-15
  8.7573223E+03  4.2835769E-15
  8.7709746E+03  4.3429086E-15
  8.7846621E+03  4.3911226E-15
  8.7983145E+03  4.3520900E-15
  8.8120020E+03  4.3472302E-15
  8.8256895E+03  4.3826857E-15
  8.8393418E+03  4.3497120E-15
  8.8529932E+03  4.3054740E-15
  8.8666455E+03  4.4386991E-15
  8.8802969E+03  4.3164685E-15
  8.8939844E+03  4.4078142E-15
  8.9076367E+03  4.3395272E-15
  8.9212891E+03  4.3353738E-15
  8.9350117E+03  4.1603196E-15
  8.9486641E+03  3.9398691E-15
  8.9623164E+03  3.9791088E-15
  8.9759678E+03  4.1765988E-15
  8.9896553E+03  4.4858971E-15
  9.0033076E+03  4.8922124E-15
  9.0169951E+03  5.0671641E-15
  9.0306475E+03  4.8269219E-15
  9.0443350E+03  4.6668962E-15
  9.0579863E+03  4.4066512E-15
  9.0716387E+03  4.3317129E-15
  9.0853262E+03  4.3814105E-15
  9.0989785E+03  4.3794318E-15
  9.1126299E+03  4.4502823E-15
  9.1262822E+03  4.4593735E-15
  9.1399697E+03  4.5309186E-15
  9.1536572E+03  4.4371601E-15
  9.1673096E+03  4.3772609E-15
  9.1809609E+03  4.4686011E-15
  9.1946494E+03  4.3648662E-15
  9.2083008E+03  4.4016105E-15
  9.2219531E+03  4.5105224E-15
  9.2356406E+03  4.4813680E-15
  9.2493281E+03  4.3486807E-15
  9.2629805E+03  4.3566737E-15
  9.2766680E+03  4.3936416E-15
  9.2902842E+03  4.4663687E-15
  9.3039717E+03  4.3752784E-15
  9.3176240E+03  4.4655230E-15
  9.3312754E+03  4.3480789E-15
  9.3449629E+03  4.3601584E-15
  9.3586514E+03  4.3421268E-15
  9.3723027E+03  4.3752576E-15
  9.3859551E+03  4.4949231E-15
  9.3996064E+03  4.4035142E-15
  9.4132588E+03  4.4444755E-15
  9.4269824E+03  4.4935526E-15
  9.4406338E+03  4.4156014E-15
  9.4542861E+03  4.3908320E-15
  9.4679736E+03  4.4178570E-15
  9.4816260E+03  4.4395288E-15
  9.4953135E+03  4.4462000E-15
  9.5089648E+03  4.4635540E-15
  9.5226172E+03  4.3601068E-15
  9.5363047E+03  4.3850193E-15
  9.5499209E+03  4.4245524E-15
  9.5636084E+03  4.2599519E-15
  9.5772959E+03  4.3614201E-15
  9.5909482E+03  4.3261107E-15
  9.6046006E+03  4.4261080E-15
  9.6182881E+03  4.3850722E-15
  9.6319395E+03  4.4827199E-15
  9.6455918E+03  4.4064492E-15
  9.6592793E+03  4.4442493E-15
  9.6729316E+03  4.3886941E-15
  9.6866543E+03  4.3798164E-15
  9.7003066E+03  4.3459185E-15
  9.7139590E+03  4.3825934E-15
  9.7276104E+03  4.3681578E-15
  9.7412627E+03  4.3898618E-15
  9.7549141E+03  4.3315584E-15
  9.7686025E+03  4.3724455E-15
  9.7822539E+03  4.3781015E-15
  9.7959414E+03  4.3236526E-15
  9.8095938E+03  4.3533762E-15
  9.8232812E+03  4.3385866E-15
  9.8369336E+03  4.4169533E-15
  9.8506211E+03  4.3231977E-15
  9.8642725E+03  4.4570827E-15
  9.8779248E+03  4.3612384E-15
  9.8916123E+03  4.5118667E-15
  9.9052646E+03  4.4180180E-15
  9.9189521E+03  4.4238710E-15
  9.9326035E+03  4.4404982E-15
  9.9462559E+03  4.3996374E-15
  9.9599434E+03  4.4512839E-15
  9.9735957E+03  4.5302312E-15
  9.9872471E+03  4.4768207E-15
