104 sn1987a - d714
714
 -9.9066221E+03  9.6611995E-14
 -9.7149590E+03  9.6285000E-14
 -9.5232607E+03  9.2409004E-14
 -9.3315791E+03  8.5873000E-14
 -9.1398984E+03  7.8086002E-14
 -8.9482354E+03  7.0697998E-14
 -8.7565537E+03  6.4015999E-14
 -8.5648906E+03  5.7839001E-14
 -8.3731738E+03  5.2606001E-14
 -8.1815474E+03  4.8779997E-14
 -7.9898657E+03  4.5865005E-14
 -7.7981489E+03  4.3170000E-14
 -7.6065039E+03  4.0687001E-14
 -7.4148228E+03  3.8490000E-14
 -7.2231777E+03  3.6733000E-14
 -7.0314785E+03  3.5603000E-14
 -6.8397979E+03  3.4796002E-14
 -6.6480986E+03  3.3966001E-14
 -6.4564712E+03  3.3182004E-14
 -6.2647905E+03  3.2538002E-14
 -6.0731270E+03  3.1933000E-14
 -5.8814106E+03  3.1296001E-14
 -5.6897471E+03  3.0782001E-14
 -5.4981021E+03  3.0534000E-14
 -5.3064209E+03  3.0444001E-14
 -5.1147222E+03  3.0429001E-14
 -4.9230410E+03  3.0677999E-14
 -4.7313779E+03  3.1342001E-14
 -4.5397148E+03  3.2269001E-14
 -4.3480693E+03  3.3397001E-14
 -4.1563525E+03  3.4969999E-14
 -3.9646716E+03  3.7271001E-14
 -3.7730264E+03  4.0535995E-14
 -3.5813276E+03  4.5132999E-14
 -3.3896646E+03  5.1585997E-14
 -3.1979834E+03  6.0602998E-14
 -3.0062844E+03  7.3115999E-14
 -2.8146392E+03  9.0289003E-14
 -2.6229583E+03  1.1381000E-13
 -2.4312593E+03  1.4492001E-13
 -2.2395962E+03  1.8406000E-13
 -2.0479152E+03  2.3095000E-13
 -1.8562341E+03  2.8451999E-13
 -1.6645710E+03  3.4235001E-13
 -1.4729078E+03  4.0010001E-13
 -1.2812268E+03  4.5397003E-13
 -1.0895459E+03  5.0184000E-13
 -8.9788269E+02  5.4041000E-13
 -7.0620166E+02  5.6441998E-13
 -5.1453851E+02  5.7320999E-13
 -3.2283966E+02  5.7234003E-13
 -1.3117650E+02  5.6328997E-13
  6.0504513E+01  5.4178992E-13
  2.5216768E+02  5.1147004E-13
  4.4383081E+02  4.8442999E-13
  6.3552966E+02  4.6119001E-13
  8.2719287E+02  4.3174001E-13
  1.0188561E+03  3.9126002E-13
  1.2105192E+03  3.3844997E-13
  1.4022180E+03  2.8097999E-13
  1.5938812E+03  2.3428999E-13
  1.7855801E+03  2.0101996E-13
  1.9772432E+03  1.7433999E-13
  2.1689421E+03  1.5158000E-13
  2.3606052E+03  1.3198000E-13
  2.5522683E+03  1.1518000E-13
  2.7439673E+03  1.0144002E-13
  2.9356304E+03  9.0488997E-14
  3.1273293E+03  8.1900998E-14
  3.3189568E+03  7.4865000E-14
  3.5106555E+03  6.8382000E-14
  3.7023545E+03  6.2550002E-14
  3.8940176E+03  5.7954997E-14
  4.0856804E+03  5.4304001E-14
  4.2773438E+03  5.1041999E-14
  4.4690068E+03  4.8099003E-14
  4.6607061E+03  4.5527001E-14
  4.8523691E+03  4.3342002E-14
  5.0440679E+03  4.1578997E-14
  5.2356953E+03  4.0046999E-14
  5.4273940E+03  3.8527998E-14
  5.6190933E+03  3.6992998E-14
  5.8107563E+03  3.5450999E-14
  6.0023838E+03  3.4128004E-14
  6.1940825E+03  3.3284000E-14
  6.3857812E+03  3.2741001E-14
  6.5774805E+03  3.2257000E-14
  6.7691436E+03  3.1944004E-14
  6.9608066E+03  3.1903001E-14
  7.1524697E+03  3.1959000E-14
  7.3441689E+03  3.1952000E-14
  7.5358320E+03  3.1661001E-14
  7.7274951E+03  3.0909001E-14
  7.9191938E+03  3.0091001E-14
  8.1108569E+03  2.9573000E-14
  8.3025205E+03  2.9181000E-14
  8.4942188E+03  2.8767001E-14
  8.6858818E+03  2.8410002E-14
  8.8775449E+03  2.8150994E-14
  9.0692441E+03  2.7865004E-14
  9.2609072E+03  2.7479001E-14
  9.4526064E+03  2.7172998E-14
  9.6442695E+03  2.7035997E-14
  9.8359326E+03  2.6803001E-14
