326 214
  -2.4141496e+03   2.5357223e+02
  -2.4018923e+03   3.7675481e+02
  -2.3896350e+03   5.2388540e+02
  -2.3773776e+03   5.2586335e+02
  -2.3651203e+03   2.7664789e+02
  -2.3528629e+03   4.3125240e+02
  -2.3406056e+03   2.8203644e+02
  -2.3283483e+03   2.4360520e+02
  -2.3160909e+03   2.4244352e+02
  -2.3038336e+03   6.0531290e+02
  -2.2915763e+03   5.1484920e+02
  -2.2793189e+03   1.5186291e+02
  -2.2670616e+03   1.1470675e+02
  -2.2548042e+03   2.1595028e+02
  -2.2425469e+03   2.7108659e+02
  -2.2302896e+03   2.0428037e+02
  -2.2180322e+03   4.2178828e+02
  -2.2057749e+03   3.8570724e+02
  -2.1935175e+03   2.0569444e+02
  -2.1812602e+03   5.2784206e+02
  -2.1690029e+03   3.9633084e+02
  -2.1567455e+03   3.9662081e+02
  -2.1444882e+03   1.3446607e+02
  -2.1322309e+03   2.4191070e+02
  -2.1199735e+03   5.3181254e+02
  -2.1077162e+03   2.4985671e+02
  -2.0954588e+03   3.9843148e+02
  -2.0832015e+03   5.6886571e+02
  -2.0709442e+03   3.2526310e+02
  -2.0586868e+03   4.7787492e+02
  -2.0464295e+03   5.8280364e+02
  -2.0341722e+03   5.4713635e+02
  -2.0219148e+03   5.3833465e+02
  -2.0096575e+03   4.7663579e+02
  -1.9974001e+03   3.5489637e+02
  -1.9851428e+03   4.1099821e+02
  -1.9728855e+03   3.7606101e+02
  -1.9606281e+03   5.4987774e+02
  -1.9483708e+03   4.5046396e+02
  -1.9361135e+03   2.8139078e+02
  -1.9238561e+03   4.2216286e+02
  -1.9115988e+03   5.5947873e+02
  -1.8993414e+03   7.0167333e+02
  -1.8870841e+03   5.5624153e+02
  -1.8748268e+03   4.5500618e+02
  -1.8625694e+03   5.9734688e+02
  -1.8503121e+03   5.2417447e+02
  -1.8380548e+03   3.1077435e+02
  -1.8257974e+03   5.9884922e+02
  -1.8135401e+03   1.6568979e+02
  -1.8012827e+03   5.2433350e+02
  -1.7890254e+03   5.3223723e+02
  -1.7767681e+03   4.5739779e+02
  -1.7645107e+03   5.0164833e+02
  -1.7522534e+03   3.4475740e+02
  -1.7399961e+03   5.6948879e+02
  -1.7277387e+03   5.0511284e+02
  -1.7154814e+03   4.4149875e+02
  -1.7032240e+03   4.1018129e+02
  -1.6909667e+03   5.8342435e+02
  -1.6787094e+03   4.0383090e+02
  -1.6664520e+03   6.1053295e+02
  -1.6541947e+03   3.1383765e+02
  -1.6419374e+03   5.4710297e+02
  -1.6296800e+03   8.9726515e+02
  -1.6174227e+03   6.3319016e+02
  -1.6051653e+03   4.0588717e+02
  -1.5929080e+03   8.4647712e+02
  -1.5806507e+03   7.7253459e+02
  -1.5683933e+03   4.5707016e+02
  -1.5561360e+03   7.6576034e+02
  -1.5438787e+03   9.0608194e+02
  -1.5316213e+03   6.3164384e+02
  -1.5193640e+03   6.9020177e+02
  -1.5071066e+03   4.8580338e+02
  -1.4948493e+03   7.3238568e+02
  -1.4825920e+03   4.6183224e+02
  -1.4703346e+03   5.1017100e+02
  -1.4580773e+03   8.9111927e+02
  -1.4458200e+03   7.6682165e+02
  -1.4335626e+03   8.2588368e+02
  -1.4213053e+03   7.3046862e+02
  -1.4090479e+03   7.4454258e+02
  -1.3967906e+03   8.6189352e+02
  -1.3845333e+03   5.7447208e+02
  -1.3722759e+03   6.5483275e+02
  -1.3600186e+03   9.7854824e+02
  -1.3477613e+03   9.4715838e+02
  -1.3355039e+03   5.2728552e+02
  -1.3232466e+03   1.2150731e+03
  -1.3109892e+03   8.3694893e+02
  -1.2987319e+03   8.1810917e+02
  -1.2864746e+03   8.0057536e+02
  -1.2742172e+03   9.2013065e+02
  -1.2619599e+03   5.2540964e+02
  -1.2497026e+03   7.5304077e+02
  -1.2374452e+03   7.6656780e+02
  -1.2251879e+03   9.5332015e+02
  -1.2129305e+03   7.4883202e+02
  -1.2006732e+03   9.5601746e+02
  -1.1884159e+03   8.5686157e+02
  -1.1761585e+03   1.0368493e+03
  -1.1639012e+03   8.6689348e+02
  -1.1516439e+03   8.3856334e+02
  -1.1393865e+03   7.4360553e+02
  -1.1271292e+03   9.1420293e+02
  -1.1148718e+03   8.7795416e+02
  -1.1026145e+03   7.2419323e+02
  -1.0903572e+03   1.1398410e+03
  -1.0780998e+03   8.9905989e+02
  -1.0658425e+03   9.7462627e+02
  -1.0535851e+03   1.0761692e+03
  -1.0413278e+03   1.0514488e+03
  -1.0290705e+03   1.1213844e+03
  -1.0168131e+03   1.1405134e+03
  -1.0045558e+03   8.6929088e+02
  -9.9229846e+02   9.3968866e+02
  -9.8004112e+02   1.2533782e+03
  -9.6778379e+02   1.1146668e+03
  -9.5552645e+02   1.0695610e+03
  -9.4326911e+02   1.0748191e+03
  -9.3101177e+02   1.0774956e+03
  -9.1875444e+02   1.2325372e+03
  -9.0649710e+02   1.0906668e+03
  -8.9423976e+02   9.5216342e+02
  -8.8198242e+02   1.1862493e+03
  -8.6972508e+02   1.0091492e+03
  -8.5746775e+02   1.0313622e+03
  -8.4521041e+02   1.0664982e+03
  -8.3295307e+02   1.0446131e+03
  -8.2069573e+02   1.0823095e+03
  -8.0843840e+02   1.1583512e+03
  -7.9618106e+02   1.1220023e+03
  -7.8392372e+02   1.2290317e+03
  -7.7166638e+02   1.0594824e+03
  -7.5940905e+02   1.2622705e+03
  -7.4715171e+02   1.2113249e+03
  -7.3489437e+02   1.2432384e+03
  -7.2263703e+02   1.2336907e+03
  -7.1037970e+02   1.5036644e+03
  -6.9812236e+02   1.5145396e+03
  -6.8586502e+02   1.3543877e+03
  -6.7360768e+02   1.6665968e+03
  -6.6135035e+02   1.2828186e+03
  -6.4909301e+02   1.5397113e+03
  -6.3683567e+02   1.4804152e+03
  -6.2457833e+02   1.4484024e+03
  -6.1232099e+02   1.5229019e+03
  -6.0006366e+02   1.5348292e+03
  -5.8780632e+02   1.5361028e+03
  -5.7554898e+02   1.8495876e+03
  -5.6329164e+02   1.7619354e+03
  -5.5103431e+02   1.7252003e+03
  -5.3877697e+02   1.7142887e+03
  -5.2651963e+02   1.9606024e+03
  -5.1426229e+02   1.8416061e+03
  -5.0200496e+02   1.7291029e+03
  -4.8974762e+02   1.8818202e+03
  -4.7749028e+02   1.7836056e+03
  -4.6523294e+02   1.7884424e+03
  -4.5297561e+02   1.7744145e+03
  -4.4071827e+02   1.6005719e+03
  -4.2846093e+02   1.9055896e+03
  -4.1620359e+02   1.7642676e+03
  -4.0394625e+02   1.6709974e+03
  -3.9168892e+02   1.9678336e+03
  -3.7943158e+02   1.9227996e+03
  -3.6717424e+02   2.0694416e+03
  -3.5491690e+02   1.9778902e+03
  -3.4265957e+02   1.8061441e+03
  -3.3040223e+02   1.8761950e+03
  -3.1814489e+02   1.8386098e+03
  -3.0588755e+02   2.0467976e+03
  -2.9363022e+02   2.2209544e+03
  -2.8137288e+02   1.9470133e+03
  -2.6911554e+02   2.1537741e+03
  -2.5685820e+02   1.9526255e+03
  -2.4460087e+02   2.1978678e+03
  -2.3234353e+02   2.0943207e+03
  -2.2008619e+02   1.9284954e+03
  -2.0782885e+02   2.0771711e+03
  -1.9557152e+02   2.0668532e+03
  -1.8331418e+02   2.0330569e+03
  -1.7105684e+02   2.1383278e+03
  -1.5879950e+02   2.1664553e+03
  -1.4654216e+02   1.8639715e+03
  -1.3428483e+02   2.1304429e+03
  -1.2202749e+02   2.2742164e+03
  -1.0977015e+02   1.9806255e+03
  -9.7512814e+01   2.0512547e+03
  -8.5255476e+01   2.2941436e+03
  -7.2998139e+01   1.8215145e+03
  -6.0740801e+01   2.1090401e+03
  -4.8483464e+01   2.2813399e+03
  -3.6226126e+01   2.1803844e+03
  -2.3968788e+01   2.3345818e+03
  -1.1711451e+01   3.0245583e+03
   5.4588696e-01   4.4872333e+03
   1.2803225e+01   7.0188829e+03
   2.5060562e+01   9.8092626e+03
   3.7317900e+01   9.8035027e+03
   4.9575237e+01   7.1867977e+03
   6.1832575e+01   3.4429243e+03
   7.4089913e+01   1.0692153e+03
   8.6347250e+01   6.4053827e+02
   9.8604588e+01   1.1185763e+03
   1.1086193e+02   1.4749652e+03
   1.2311926e+02   1.7989700e+03
   1.3537660e+02   1.7470593e+03
   1.4763394e+02   1.5129822e+03
   1.5989128e+02   1.7627926e+03
   1.7214861e+02   1.8539492e+03
   1.8440595e+02   1.5017276e+03
   1.9666329e+02   1.5633619e+03
   2.0892063e+02   1.8469246e+03
   2.2117796e+02   1.6978726e+03
   2.3343530e+02   1.4179396e+03
   2.4569264e+02   1.3429875e+03
   2.5794998e+02   1.6608352e+03
   2.7020731e+02   1.3744478e+03
   2.8246465e+02   1.4874083e+03
   2.9472199e+02   1.1531770e+03
   3.0697933e+02   1.3561009e+03
   3.1923667e+02   1.4492688e+03
   3.3149400e+02   1.4273993e+03
   3.4375134e+02   1.2523473e+03
   3.5600868e+02   1.3335131e+03
   3.6826602e+02   1.2509289e+03
   3.8052335e+02   9.8262119e+02
   3.9278069e+02   1.3416084e+03
   4.0503803e+02   1.2153887e+03
   4.1729537e+02   1.1026082e+03
   4.2955270e+02   9.9396064e+02
   4.4181004e+02   1.0401014e+03
   4.5406738e+02   1.0164641e+03
   4.6632472e+02   1.2027525e+03
   4.7858205e+02   9.8713724e+02
   4.9083939e+02   1.0730578e+03
   5.0309673e+02   9.4851748e+02
   5.1535407e+02   9.8984332e+02
   5.2761141e+02   8.9044380e+02
   5.3986874e+02   8.4816641e+02
   5.5212608e+02   9.5169055e+02
   5.6438342e+02   7.6404011e+02
   5.7664076e+02   7.9735144e+02
   5.8889809e+02   6.9758703e+02
   6.0115543e+02   8.2715194e+02
   6.1341277e+02   8.8224615e+02
   6.2567011e+02   8.2730818e+02
   6.3792744e+02   6.2345604e+02
   6.5018478e+02   9.1801714e+02
   6.6244212e+02   8.9221893e+02
   6.7469946e+02   5.0782437e+02
   6.8695679e+02   6.1878663e+02
   6.9921413e+02   6.2319191e+02
   7.1147147e+02   5.1846835e+02
   7.2372881e+02   5.6306370e+02
   7.3598614e+02   4.4243656e+02
   7.4824348e+02   5.5961815e+02
   7.6050082e+02   7.3148539e+02
   7.7275816e+02   6.0704940e+02
   7.8501550e+02   6.5260290e+02
   7.9727283e+02   2.2453312e+02
   8.0953017e+02   5.1552799e+02
   8.2178751e+02   6.1925395e+02
   8.3404485e+02   6.8818665e+02
   8.4630218e+02   7.0562015e+02
   8.5855952e+02   5.1289643e+02
   8.7081686e+02   8.7520673e+02
   8.8307420e+02   7.8714746e+02
   8.9533153e+02   3.9584207e+02
   9.0758887e+02   4.6383851e+02
   9.1984621e+02   3.5794483e+02
   9.3210355e+02   3.7188789e+02
   9.4436088e+02   3.8542049e+02
   9.5661822e+02   4.7667145e+02
   9.6887556e+02   4.5428026e+02
   9.8113290e+02   3.4257494e+02
   9.9339024e+02   5.8956604e+02
   1.0056476e+03   3.3372954e+02
   1.0179049e+03   2.2932605e+02
   1.0301622e+03   4.4172750e+02
   1.0424196e+03   5.4641516e+02
   1.0546769e+03   2.3427626e+02
   1.0669343e+03   5.6513303e+02
   1.0791916e+03   2.3639088e+02
   1.0914489e+03   4.1243265e+02
   1.1037063e+03   1.2477159e+02
   1.1159636e+03   5.4690521e+02
   1.1282209e+03   6.7088368e+02
   1.1404783e+03   3.2668717e+02
   1.1527356e+03   6.1063605e+02
   1.1649930e+03   4.0812372e+02
   1.1772503e+03   1.5211119e+02
   1.1895076e+03   3.5068301e+02
   1.2017650e+03   4.2955405e+02
   1.2140223e+03   6.4423278e+02
   1.2262797e+03   3.6957569e+02
   1.2385370e+03   1.8184765e+02
   1.2507943e+03   6.9639735e+02
   1.2630517e+03   1.7073026e+02
   1.2753090e+03   2.3303047e+02
   1.2875663e+03   4.6561086e+02
   1.2998237e+03   4.3622318e+02
   1.3120810e+03   3.4258194e+02
   1.3243384e+03   6.2022043e+02
   1.3365957e+03   5.9360604e+02
   1.3488530e+03   4.9861746e+02
   1.3611104e+03   5.1575038e+02
   1.3733677e+03   4.8123054e+02
   1.3856250e+03   3.8642218e+02
   1.3978824e+03   1.2423558e+02
   1.4101397e+03   7.1836866e+02
   1.4223971e+03   2.6905679e+02
   1.4346544e+03   4.1675224e+02
   1.4469117e+03   5.0150425e+02
   1.4591691e+03   3.7236208e+02
   1.4714264e+03   5.0130936e+02
   1.4836837e+03   4.0732428e+02
   1.4959411e+03   2.6582790e+02
   1.5081984e+03   5.8822083e+02
   1.5204558e+03   5.4112317e+02
   1.5327131e+03   1.8777583e+02
   1.5449704e+03   5.9976884e+02
   1.5572278e+03   5.7427202e+02
   1.5694851e+03   2.4464458e+02
