661 214
-2.994198772788656697e+03 2.482000000000000000e+03
-2.985119885794879337e+03 2.325000000000000000e+03
-2.976040998801018304e+03 2.439000000000000000e+03
-2.966962111807199562e+03 2.010000000000000000e+03
-2.957883224813380366e+03 2.346000000000000000e+03
-2.948804337819561169e+03 2.458000000000000000e+03
-2.939725450825741973e+03 2.640000000000000000e+03
-2.930646563831881394e+03 2.327000000000000000e+03
-2.921567676838062198e+03 2.073000000000000000e+03
-2.912488789844285293e+03 2.524000000000000000e+03
-2.903409902850466096e+03 2.641000000000000000e+03
-2.894331015856646900e+03 2.504000000000000000e+03
-2.885252128862786321e+03 2.535000000000000000e+03
-2.876173241868967125e+03 2.555000000000000000e+03
-2.867094354875147928e+03 2.453000000000000000e+03
-2.858015467881328732e+03 2.327000000000000000e+03
-2.848936580887509535e+03 2.795000000000000000e+03
-2.839857693893648957e+03 2.359000000000000000e+03
-2.830778806899872052e+03 2.671000000000000000e+03
-2.821699919906052855e+03 2.498000000000000000e+03
-2.812621032912233659e+03 2.659000000000000000e+03
-2.803542145918414462e+03 2.474000000000000000e+03
-2.794463258924553884e+03 2.770000000000000000e+03
-2.785384371930734687e+03 2.572000000000000000e+03
-2.776305484936915491e+03 2.776000000000000000e+03
-2.767226597943096749e+03 2.634000000000000000e+03
-2.758147710949277553e+03 2.671000000000000000e+03
-2.749068823955458356e+03 2.726000000000000000e+03
-2.739989936961639160e+03 2.642000000000000000e+03
-2.730911049967820418e+03 2.541000000000000000e+03
-2.721832162974001221e+03 2.478000000000000000e+03
-2.712753275980182480e+03 2.633000000000000000e+03
-2.703674388986321446e+03 2.667000000000000000e+03
-2.694595501992502705e+03 2.729000000000000000e+03
-2.685516614998683508e+03 2.736000000000000000e+03
-2.676437728004905694e+03 2.725000000000000000e+03
-2.667358841011086497e+03 2.520000000000000000e+03
-2.658279954017225919e+03 2.497000000000000000e+03
-2.649201067023406722e+03 2.673000000000000000e+03
-2.640122180029588435e+03 2.766000000000000000e+03
-2.631043293035769238e+03 2.552000000000000000e+03
-2.621964406041950042e+03 2.511000000000000000e+03
-2.612885519048089463e+03 2.593000000000000000e+03
-2.603806632054270267e+03 2.361000000000000000e+03
-2.594727745060492452e+03 2.801000000000000000e+03
-2.585648858066673256e+03 2.530000000000000000e+03
-2.576569971072854514e+03 2.688000000000000000e+03
-2.567491084078993936e+03 2.654000000000000000e+03
-2.558412197085174739e+03 2.692000000000000000e+03
-2.549333310091355543e+03 2.725000000000000000e+03
-2.540254423097536346e+03 2.565000000000000000e+03
-2.531175536103717604e+03 1.571000000000000000e+03
-2.522096649109898408e+03 2.561000000000000000e+03
-2.513017762116079211e+03 2.732000000000000000e+03
-2.503938875122260015e+03 3.223000000000000000e+03
-2.494859988128441273e+03 1.953000000000000000e+03
-2.485781101134622077e+03 1.808000000000000000e+03
-2.476702214140761498e+03 2.454000000000000000e+03
-2.467623327146942302e+03 2.775000000000000000e+03
-2.458544440153123105e+03 2.553000000000000000e+03
-2.449465553159304363e+03 2.547000000000000000e+03
-2.440386666165526549e+03 2.708000000000000000e+03
-2.431307779171665970e+03 2.630000000000000000e+03
-2.422228892177847229e+03 2.543000000000000000e+03
-2.413150005184028032e+03 2.656000000000000000e+03
-2.404071118190208836e+03 2.637000000000000000e+03
-2.394992231196390094e+03 2.872000000000000000e+03
-2.385913344202529061e+03 2.498000000000000000e+03
-2.376834457208710319e+03 2.655000000000000000e+03
-2.367755570214932504e+03 2.634000000000000000e+03
-2.358676683221113763e+03 2.508000000000000000e+03
-2.349597796227294566e+03 2.602000000000000000e+03
-2.340518909233433988e+03 2.722000000000000000e+03
-2.331440022239614791e+03 2.846000000000000000e+03
-2.322361135245795595e+03 2.706000000000000000e+03
-2.313282248251976398e+03 2.772000000000000000e+03
-2.304203361258157202e+03 2.824000000000000000e+03
-2.295124474264296623e+03 2.708000000000000000e+03
-2.286045587270519263e+03 2.849000000000000000e+03
-2.276966700276700067e+03 2.810000000000000000e+03
-2.267887813282880870e+03 2.748000000000000000e+03
-2.258808926289062128e+03 2.464000000000000000e+03
-2.249730039295201550e+03 2.677000000000000000e+03
-2.240651152301382353e+03 2.572000000000000000e+03
-2.231572265307563157e+03 2.699000000000000000e+03
-2.222493378313744415e+03 2.880000000000000000e+03
-2.213414491319925219e+03 2.603000000000000000e+03
-2.204335604326106022e+03 2.631000000000000000e+03
-2.195256717332286826e+03 2.515000000000000000e+03
-2.186177830338468084e+03 2.508000000000000000e+03
-2.177098943344648887e+03 2.627000000000000000e+03
-2.168020056350829691e+03 2.466000000000000000e+03
-2.158941169356969112e+03 2.637000000000000000e+03
-2.149862282363150371e+03 2.700000000000000000e+03
-2.140783395369331174e+03 2.780000000000000000e+03
-2.131704508375553360e+03 2.734000000000000000e+03
-2.122625621381734618e+03 2.707000000000000000e+03
-2.113546734387873585e+03 2.716000000000000000e+03
-2.104467847394054843e+03 3.570000000000000000e+03
-2.095388960400235646e+03 2.364000000000000000e+03
-2.086310073406416450e+03 2.845000000000000000e+03
-2.077231186412597253e+03 2.112000000000000000e+03
-2.068152299418736675e+03 2.656000000000000000e+03
-2.059073412424917478e+03 2.885000000000000000e+03
-2.049994525431140119e+03 3.054000000000000000e+03
-2.040915638437321149e+03 2.864000000000000000e+03
-2.031836751443502180e+03 2.754000000000000000e+03
-2.022757864449641374e+03 2.525000000000000000e+03
-2.013678977455822405e+03 2.955000000000000000e+03
-2.004600090462003209e+03 2.944000000000000000e+03
-1.995521203468184012e+03 2.689000000000000000e+03
-1.986442316474365271e+03 2.862000000000000000e+03
-1.977363429480546074e+03 2.953000000000000000e+03
-1.968284542486726878e+03 2.374000000000000000e+03
-1.959205655492907908e+03 3.027000000000000000e+03
-1.950126768499088712e+03 2.878000000000000000e+03
-1.941047881505269743e+03 3.075000000000000000e+03
-1.931968994511409164e+03 2.892000000000000000e+03
-1.922890107517589968e+03 2.839000000000000000e+03
-1.913811220523770999e+03 2.827000000000000000e+03
-1.904732333529951802e+03 2.863000000000000000e+03
-1.895653446536174442e+03 2.815000000000000000e+03
-1.886574559542313864e+03 2.838000000000000000e+03
-1.877495672548494667e+03 2.747000000000000000e+03
-1.868416785554675471e+03 3.063000000000000000e+03
-1.859337898560856502e+03 2.721000000000000000e+03
-1.850259011567037533e+03 2.927000000000000000e+03
-1.841180124573176727e+03 2.329000000000000000e+03
-1.832101237579357758e+03 3.185000000000000000e+03
-1.823022350585580170e+03 2.412000000000000000e+03
-1.813943463591760974e+03 3.533000000000000000e+03
-1.804864576597942005e+03 2.454000000000000000e+03
-1.795785689604081199e+03 2.847000000000000000e+03
-1.786706802610262457e+03 2.987000000000000000e+03
-1.777627915616443261e+03 3.189000000000000000e+03
-1.768549028622624064e+03 3.466000000000000000e+03
-1.759470141628805095e+03 3.255000000000000000e+03
-1.750391254634944289e+03 3.214000000000000000e+03
-1.741312367641166929e+03 3.405000000000000000e+03
-1.732233480647347733e+03 3.461000000000000000e+03
-1.723154593653528764e+03 3.252000000000000000e+03
-1.714075706659709567e+03 3.273000000000000000e+03
-1.704996819665848989e+03 3.522000000000000000e+03
-1.695917932672029792e+03 3.364000000000000000e+03
-1.686839045678211050e+03 3.187000000000000000e+03
-1.677760158684391854e+03 3.445000000000000000e+03
-1.668681271690572657e+03 3.224000000000000000e+03
-1.659602384696753461e+03 3.522000000000000000e+03
-1.650523497702934719e+03 3.120000000000000000e+03
-1.641444610709115523e+03 3.370000000000000000e+03
-1.632365723715296326e+03 3.220000000000000000e+03
-1.623286836721477357e+03 3.239000000000000000e+03
-1.614207949727616779e+03 3.300000000000000000e+03
-1.605129062733797582e+03 3.320000000000000000e+03
-1.596050175739978613e+03 3.296000000000000000e+03
-1.586971288746201026e+03 3.146000000000000000e+03
-1.577892401752381829e+03 3.395000000000000000e+03
-1.568813514758521251e+03 3.501000000000000000e+03
-1.559734627764702054e+03 3.363000000000000000e+03
-1.550655740770883313e+03 3.567000000000000000e+03
-1.541576853777064116e+03 3.445000000000000000e+03
-1.532497966783244919e+03 3.302000000000000000e+03
-1.523419079789384341e+03 3.385000000000000000e+03
-1.514340192795565144e+03 3.731000000000000000e+03
-1.505261305801787785e+03 3.623000000000000000e+03
-1.496182418807968816e+03 3.542000000000000000e+03
-1.487103531814149619e+03 3.525000000000000000e+03
-1.478024644820289041e+03 3.453000000000000000e+03
-1.468945757826469844e+03 3.377000000000000000e+03
-1.459866870832650648e+03 3.005000000000000000e+03
-1.450787983838831906e+03 3.246000000000000000e+03
-1.441709096845012709e+03 3.433000000000000000e+03
-1.432630209851193513e+03 3.444000000000000000e+03
-1.423551322857374771e+03 3.465000000000000000e+03
-1.414472435863555575e+03 2.898000000000000000e+03
-1.405393548869736378e+03 3.675000000000000000e+03
-1.396314661875917409e+03 3.965000000000000000e+03
-1.387235774882056603e+03 3.770000000000000000e+03
-1.378156887888237634e+03 4.116000000000000000e+03
-1.369078000894418437e+03 3.791000000000000000e+03
-1.359999113900599468e+03 3.787000000000000000e+03
-1.350920226906821881e+03 3.934000000000000000e+03
-1.341841339912961303e+03 3.921000000000000000e+03
-1.332762452919142106e+03 3.838000000000000000e+03
-1.323683565925323364e+03 3.692000000000000000e+03
-1.314604678931504168e+03 3.888000000000000000e+03
-1.305525791937684971e+03 4.014000000000000000e+03
-1.296446904943824393e+03 3.774000000000000000e+03
-1.287368017950005196e+03 3.985000000000000000e+03
-1.278289130956227837e+03 3.801000000000000000e+03
-1.269210243962408640e+03 3.807000000000000000e+03
-1.260131356968589671e+03 3.779000000000000000e+03
-1.251052469974728865e+03 4.130000000000000000e+03
-1.241973582980909896e+03 3.940000000000000000e+03
-1.232894695987090699e+03 3.882000000000000000e+03
-1.223815808993271730e+03 3.842000000000000000e+03
-1.214736921999452761e+03 4.186000000000000000e+03
-1.205658035005591955e+03 4.021000000000000000e+03
-1.196579148011814596e+03 4.270000000000000000e+03
-1.187500261017995399e+03 3.894000000000000000e+03
-1.178421374024176430e+03 4.400000000000000000e+03
-1.169342487030357233e+03 4.743000000000000000e+03
-1.160263600036496655e+03 4.655000000000000000e+03
-1.151184713042677458e+03 4.520000000000000000e+03
-1.142105826048858489e+03 4.402000000000000000e+03
-1.133026939055039293e+03 4.100000000000000000e+03
-1.123948052061220324e+03 4.341000000000000000e+03
-1.114869165067401354e+03 4.276000000000000000e+03
-1.105790278073582158e+03 4.445000000000000000e+03
-1.096711391079763189e+03 4.379000000000000000e+03
-1.087632504085943992e+03 4.366000000000000000e+03
-1.078553617092125023e+03 4.153000000000000000e+03
-1.069474730098264445e+03 4.407000000000000000e+03
-1.060395843104445248e+03 4.225000000000000000e+03
-1.051316956110626052e+03 4.435000000000000000e+03
-1.042238069116848692e+03 4.488000000000000000e+03
-1.033159182123029495e+03 4.574000000000000000e+03
-1.024080295129168917e+03 4.278000000000000000e+03
-1.015001408135349948e+03 4.074000000000000000e+03
-1.005922521141530751e+03 4.594000000000000000e+03
-9.968436341477117821e+02 4.579000000000000000e+03
-9.877647471538925856e+02 4.514000000000000000e+03
-9.786858601600320071e+02 4.410000000000000000e+03
-9.696069731662129243e+02 4.437000000000000000e+03
-9.605280861724353372e+02 4.376000000000000000e+03
-9.514491991786163680e+02 4.770000000000000000e+03
-9.423703121847971715e+02 4.575000000000000000e+03
-9.332914251909365930e+02 4.801000000000000000e+03
-9.242125381971175102e+02 4.569000000000000000e+03
-9.151336512032984274e+02 4.744000000000000000e+03
-9.060547642094793446e+02 4.614000000000000000e+03
-8.969758772156603754e+02 4.387000000000000000e+03
-8.878969902218411789e+02 5.014000000000000000e+03
-8.788181032280222098e+02 4.677000000000000000e+03
-8.697392162342031270e+02 5.179000000000000000e+03
-8.606603292403839305e+02 4.955000000000000000e+03
-8.515814422465649614e+02 4.995000000000000000e+03
-8.425025552527042692e+02 4.835000000000000000e+03
-8.334236682588851863e+02 4.864000000000000000e+03
-8.243447812650662172e+02 5.167000000000000000e+03
-8.152658942712470207e+02 5.435000000000000000e+03
-8.061870072774695473e+02 5.067000000000000000e+03
-7.971081202836089687e+02 5.433000000000000000e+03
-7.880292332897897722e+02 5.352000000000000000e+03
-7.789503462959708031e+02 5.544000000000000000e+03
-7.698714593021516066e+02 5.342000000000000000e+03
-7.607925723083326375e+02 5.475000000000000000e+03
-7.517136853144719453e+02 5.773000000000000000e+03
-7.426347983206528625e+02 5.301000000000000000e+03
-7.335559113268337796e+02 5.478000000000000000e+03
-7.244770243330563062e+02 5.419000000000000000e+03
-7.153981373392372234e+02 5.682000000000000000e+03
-7.063192503453766449e+02 5.743000000000000000e+03
-6.972403633515574484e+02 6.027000000000000000e+03
-6.881614763577383656e+02 6.254000000000000000e+03
-6.790825893639193964e+02 6.937000000000000000e+03
-6.700037023701001999e+02 8.379000000000000000e+03
-6.609248153762396214e+02 1.026000000000000000e+04
-6.518459283824621480e+02 1.220000000000000000e+04
-6.427670413886430651e+02 1.280000000000000000e+04
-6.336881543948239823e+02 1.379000000000000000e+04
-6.246092674010048995e+02 1.336000000000000000e+04
-6.155303804071442073e+02 1.104000000000000000e+04
-6.064514934133252382e+02 9.776000000000000000e+03
-5.973726064195061554e+02 7.885000000000000000e+03
-5.882937194256869589e+02 7.014000000000000000e+03
-5.792148324318678760e+02 6.860000000000000000e+03
-5.701359454380487932e+02 7.691000000000000000e+03
-5.610570584442298241e+02 8.891000000000000000e+03
-5.519781714504107413e+02 8.767000000000000000e+03
-5.428992844565916585e+02 7.565000000000000000e+03
-5.338203974627725756e+02 6.927000000000000000e+03
-5.247415104689118834e+02 6.700000000000000000e+03
-5.156626234750928006e+02 6.887000000000000000e+03
-5.065837364812737178e+02 7.122000000000000000e+03
-4.975048494874962444e+02 7.114000000000000000e+03
-4.884259624936772184e+02 6.845000000000000000e+03
-4.793470754998165262e+02 7.172000000000000000e+03
-4.702681885059974434e+02 7.281000000000000000e+03
-4.611893015121784174e+02 7.252000000000000000e+03
-4.521104145183593346e+02 7.269000000000000000e+03
-4.430315275245402518e+02 7.321000000000000000e+03
-4.339526405306795596e+02 7.087000000000000000e+03
-4.248737535368605336e+02 7.605000000000000000e+03
-4.157948665430830033e+02 7.214000000000000000e+03
-4.067159795492639205e+02 7.599000000000000000e+03
-3.976370925554448377e+02 7.612000000000000000e+03
-3.885582055615842023e+02 7.315000000000000000e+03
-3.794793185677651195e+02 7.973000000000000000e+03
-3.704004315739460367e+02 7.802000000000000000e+03
-3.613215445801269539e+02 7.741000000000000000e+03
-3.522426575863079279e+02 8.051000000000000000e+03
-3.431637705924888451e+02 7.581000000000000000e+03
-3.340848835986697623e+02 7.874000000000000000e+03
-3.250059966048506226e+02 8.240000000000000000e+03
-3.159271096110315966e+02 8.069000000000000000e+03
-3.068482226172125138e+02 8.042000000000000000e+03
-2.977693356233518784e+02 8.178000000000000000e+03
-2.886904486295327956e+02 7.772000000000000000e+03
-2.796115616357137128e+02 7.879000000000000000e+03
-2.705326746418946300e+02 8.036000000000000000e+03
-2.614537876481171566e+02 7.751000000000000000e+03
-2.523749006542564928e+02 8.281000000000000000e+03
-2.432960136604374100e+02 8.162000000000000000e+03
-2.342171266666183556e+02 9.174000000000000000e+03
-2.251382396727992443e+02 1.125000000000000000e+04
-2.160593526789801899e+02 1.194000000000000000e+04
-2.069804656851195546e+02 1.091000000000000000e+04
-1.979015786913004717e+02 9.668000000000000000e+03
-1.888226916974813889e+02 7.912000000000000000e+03
-1.797438047037038871e+02 8.196000000000000000e+03
-1.706649177098848043e+02 8.056000000000000000e+03
-1.615860307160241689e+02 7.998000000000000000e+03
-1.525071437222050861e+02 8.127000000000000000e+03
-1.434282567283860033e+02 7.859000000000000000e+03
-1.343493697345669489e+02 8.024000000000000000e+03
-1.252704827407478660e+02 8.040000000000000000e+03
-1.161915957468872165e+02 8.014000000000000000e+03
-1.071127087531097146e+02 7.985000000000000000e+03
-9.803382175929063180e+01 7.848000000000000000e+03
-8.895493476547156320e+01 8.143000000000000000e+03
-7.987604777165249459e+01 8.039000000000000000e+03
-7.079716077779183081e+01 7.979000000000000000e+03
-6.171827378397275510e+01 7.834000000000000000e+03
-5.263938679015367939e+01 8.265000000000000000e+03
-4.356049979633460367e+01 7.736000000000000000e+03
-3.448161280251553507e+01 8.470000000000000000e+03
-2.540272580869645935e+01 9.229000000000000000e+03
-1.632383881487738364e+01 1.093000000000000000e+04
-7.244951821058309704e+00 1.519000000000000000e+04
1.833935172760766008e+00 2.197000000000000000e+04
1.091282216657984172e+01 3.089000000000000000e+04
1.999170916044049306e+01 4.053000000000000000e+04
2.907059615425956878e+01 4.682000000000000000e+04
3.814948314807864449e+01 5.089000000000000000e+04
4.722837014185614635e+01 4.937000000000000000e+04
5.630725713567522206e+01 4.142000000000000000e+04
6.538614412953586452e+01 2.972000000000000000e+04
7.446503112335494734e+01 1.884000000000000000e+04
8.354391811717401595e+01 1.280000000000000000e+04
9.262280511099309876e+01 9.987000000000000000e+03
1.017016921048121674e+02 8.719000000000000000e+03
1.107805790986728169e+02 7.709000000000000000e+03
1.198594660924918855e+02 7.313000000000000000e+03
1.289383530862694158e+02 7.290000000000000000e+03
1.380172400800884702e+02 7.071000000000000000e+03
1.470961270739075530e+02 6.987000000000000000e+03
1.561750140677681884e+02 7.238000000000000000e+03
1.652539010615872996e+02 7.126000000000000000e+03
1.743327880554063540e+02 6.718000000000000000e+03
1.834116750492254369e+02 6.759000000000000000e+03
1.924905620430444912e+02 6.726000000000000000e+03
2.015694490368636025e+02 6.571000000000000000e+03
2.106483360306826569e+02 6.615000000000000000e+03
2.197272230245017397e+02 6.382000000000000000e+03
2.288061100183207941e+02 6.597000000000000000e+03
2.378849970121398769e+02 6.645000000000000000e+03
2.469638840060005407e+02 6.306000000000000000e+03
2.560427709998195951e+02 6.640000000000000000e+03
2.651216579936386779e+02 6.253000000000000000e+03
2.742005449874577607e+02 6.476000000000000000e+03
2.832794319812352342e+02 6.170000000000000000e+03
2.923583189750958695e+02 6.123000000000000000e+03
3.014372059689149523e+02 5.996000000000000000e+03
3.105160929627340920e+02 5.742000000000000000e+03
3.195949799565531180e+02 6.054000000000000000e+03
3.286738669503722008e+02 5.789000000000000000e+03
3.377527539442328361e+02 5.873000000000000000e+03
3.468316409380519758e+02 5.786000000000000000e+03
3.559105279318710018e+02 5.518000000000000000e+03
3.649894149256484752e+02 6.091000000000000000e+03
3.740683019194675580e+02 5.479000000000000000e+03
3.831471889133282502e+02 5.319000000000000000e+03
3.922260759071472762e+02 5.523000000000000000e+03
4.013049629009663590e+02 5.275000000000000000e+03
4.103838498947854418e+02 5.272000000000000000e+03
4.194627368886045815e+02 5.185000000000000000e+03
4.285416238824651600e+02 5.497000000000000000e+03
4.376205108762426903e+02 5.168000000000000000e+03
4.466993978700617731e+02 4.928000000000000000e+03
4.557782848638808559e+02 4.977000000000000000e+03
4.648571718576998819e+02 4.774000000000000000e+03
4.739360588515605741e+02 4.942000000000000000e+03
4.830149458453796569e+02 4.786000000000000000e+03
4.920938328391987397e+02 4.647000000000000000e+03
5.011727198330177657e+02 4.525000000000000000e+03
5.102516068268368485e+02 4.402000000000000000e+03
5.193304938206559882e+02 4.608000000000000000e+03
5.284093808144750710e+02 4.501000000000000000e+03
5.374882678082940402e+02 4.448000000000000000e+03
5.465671548021131230e+02 4.617000000000000000e+03
5.556460417959322058e+02 4.082000000000000000e+03
5.647249287897928980e+02 4.226000000000000000e+03
5.738038157836119808e+02 4.136000000000000000e+03
5.828827027774310636e+02 4.290000000000000000e+03
5.919615897712085371e+02 3.705000000000000000e+03
6.010404767650276199e+02 4.028000000000000000e+03
6.101193637588881984e+02 3.911000000000000000e+03
6.191982507527073949e+02 4.242000000000000000e+03
6.282771377465264777e+02 3.760000000000000000e+03
6.373560247403455605e+02 3.980000000000000000e+03
6.464349117341646433e+02 3.463000000000000000e+03
6.555137987280252219e+02 3.665000000000000000e+03
6.645926857218441910e+02 3.576000000000000000e+03
6.736715727156217781e+02 3.940000000000000000e+03
6.827504597094408609e+02 3.886000000000000000e+03
6.918293467032600574e+02 3.654000000000000000e+03
7.009082336971206360e+02 3.564000000000000000e+03
7.099871206909396051e+02 3.840000000000000000e+03
7.190660076847588016e+02 3.583000000000000000e+03
7.281448946785777707e+02 3.439000000000000000e+03
7.372237816723968535e+02 3.555000000000000000e+03
7.463026686662575457e+02 3.499000000000000000e+03
7.553815556600350192e+02 3.808000000000000000e+03
7.644604426538542157e+02 3.498000000000000000e+03
7.735393296476731848e+02 3.478000000000000000e+03
7.826182166414922676e+02 3.838000000000000000e+03
7.916971036353529598e+02 3.196000000000000000e+03
8.007759906291720426e+02 3.631000000000000000e+03
8.098548776229910118e+02 3.462000000000000000e+03
8.189337646168102083e+02 3.484000000000000000e+03
8.280126516105876817e+02 3.350000000000000000e+03
8.370915386044482602e+02 3.878000000000000000e+03
8.461704255982674567e+02 4.245000000000000000e+03
8.552493125920864259e+02 4.104000000000000000e+03
8.643281995859056224e+02 3.794000000000000000e+03
8.734070865797245915e+02 2.869000000000000000e+03
8.824859735735851700e+02 3.123000000000000000e+03
8.915648605674043665e+02 3.483000000000000000e+03
9.006437475612234493e+02 3.693000000000000000e+03
9.097226345550008091e+02 3.632000000000000000e+03
9.188015215488200056e+02 4.235000000000000000e+03
9.278804085426805841e+02 5.026000000000000000e+03
9.369592955364997806e+02 6.349000000000000000e+03
9.460381825303187497e+02 1.022000000000000000e+04
9.551170695241378326e+02 1.571000000000000000e+04
9.641959565179570291e+02 2.122000000000000000e+04
9.732748435118176076e+02 2.433000000000000000e+04
9.823537305055950810e+02 2.652000000000000000e+04
9.914326174994141638e+02 2.519000000000000000e+04
1.000511504493233247e+03 2.069000000000000000e+04
1.009590391487052329e+03 1.269000000000000000e+04
1.018669278480913022e+03 7.907000000000000000e+03
1.027748165474732104e+03 5.378000000000000000e+03
1.036827052468551074e+03 4.171000000000000000e+03
1.045905939462370270e+03 3.472000000000000000e+03
1.054984826456189239e+03 3.454000000000000000e+03
1.064063713450008436e+03 3.210000000000000000e+03
1.073142600443827405e+03 3.432000000000000000e+03
1.082221487437646601e+03 2.866000000000000000e+03
1.091300374431465571e+03 3.194000000000000000e+03
1.100379261425284540e+03 2.901000000000000000e+03
1.109458148419145346e+03 3.037000000000000000e+03
1.118537035412964315e+03 2.676000000000000000e+03
1.127615922406783284e+03 3.070000000000000000e+03
1.136694809400560871e+03 3.669000000000000000e+03
1.145773696394380067e+03 4.097000000000000000e+03
1.154852583388240646e+03 4.361000000000000000e+03
1.163931470382059842e+03 3.705000000000000000e+03
1.173010357375878812e+03 3.255000000000000000e+03
1.182089244369698008e+03 3.015000000000000000e+03
1.191168131363516977e+03 2.855000000000000000e+03
1.200247018357377556e+03 2.525000000000000000e+03
1.209325905351196752e+03 2.925000000000000000e+03
1.218404792344974112e+03 2.748000000000000000e+03
1.227483679338793308e+03 2.938000000000000000e+03
1.236562566332612278e+03 2.930000000000000000e+03
1.245641453326472856e+03 2.506000000000000000e+03
1.254720340320292053e+03 2.543000000000000000e+03
1.263799227314111249e+03 2.763000000000000000e+03
1.272878114307930218e+03 2.537000000000000000e+03
1.281957001301749187e+03 2.711000000000000000e+03
1.291035888295609993e+03 2.851000000000000000e+03
1.300114775289387580e+03 2.654000000000000000e+03
1.309193662283206322e+03 2.606000000000000000e+03
1.318272549277025519e+03 2.685000000000000000e+03
1.327351436270844715e+03 2.454000000000000000e+03
1.336430323264705294e+03 2.429000000000000000e+03
1.345509210258524490e+03 2.545000000000000000e+03
1.354588097252343459e+03 2.753000000000000000e+03
1.363666984246162656e+03 2.787000000000000000e+03
1.372745871239940016e+03 2.459000000000000000e+03
1.381824758233800594e+03 2.427000000000000000e+03
1.390903645227619791e+03 2.532000000000000000e+03
1.399982532221438987e+03 2.610000000000000000e+03
1.409061419215257729e+03 2.465000000000000000e+03
1.418140306209076925e+03 2.492000000000000000e+03
1.427219193202937504e+03 2.478000000000000000e+03
1.436298080196756700e+03 2.357000000000000000e+03
1.445376967190575897e+03 2.525000000000000000e+03
1.454455854184353257e+03 2.562000000000000000e+03
1.463534741178172453e+03 2.580000000000000000e+03
1.472613628172033032e+03 2.654000000000000000e+03
1.481692515165852001e+03 2.535000000000000000e+03
1.490771402159671197e+03 2.318000000000000000e+03
1.499850289153490394e+03 2.841000000000000000e+03
1.508929176147309363e+03 2.489000000000000000e+03
1.518008063141170169e+03 2.900000000000000000e+03
1.527086950134947529e+03 2.542000000000000000e+03
1.536165837128766725e+03 2.747000000000000000e+03
1.545244724122585467e+03 2.393000000000000000e+03
1.554323611116404663e+03 2.602000000000000000e+03
1.563402498110265242e+03 2.971000000000000000e+03
1.572481385104084438e+03 2.585000000000000000e+03
1.581560272097903407e+03 2.520000000000000000e+03
1.590639159091722604e+03 2.777000000000000000e+03
1.599718046085541800e+03 2.700000000000000000e+03
1.608796933079360770e+03 2.575000000000000000e+03
1.617875820073179739e+03 2.283000000000000000e+03
1.626954707066998935e+03 2.807000000000000000e+03
1.636033594060818132e+03 2.784000000000000000e+03
1.645112481054636874e+03 2.710000000000000000e+03
1.654191368048497452e+03 2.746000000000000000e+03
1.663270255042316649e+03 2.572000000000000000e+03
1.672349142036135845e+03 2.637000000000000000e+03
1.681428029029955042e+03 2.090000000000000000e+03
1.690506916023732401e+03 2.414000000000000000e+03
1.699585803017593207e+03 2.644000000000000000e+03
1.708664690011412176e+03 2.576000000000000000e+03
1.717743577005231145e+03 2.374000000000000000e+03
1.726822463999050342e+03 2.601000000000000000e+03
1.735901350992869538e+03 2.311000000000000000e+03
1.744980237986730117e+03 2.611000000000000000e+03
1.754059124980549313e+03 2.744000000000000000e+03
1.763138011974326673e+03 2.655000000000000000e+03
1.772216898968145642e+03 2.461000000000000000e+03
1.781295785961964611e+03 2.714000000000000000e+03
1.790374672955825417e+03 2.503000000000000000e+03
1.799453559949644387e+03 2.792000000000000000e+03
1.808532446943463583e+03 2.502000000000000000e+03
1.817611333937282552e+03 2.431000000000000000e+03
1.826690220931101749e+03 2.792000000000000000e+03
1.835769107924962327e+03 2.602000000000000000e+03
1.844847994918739687e+03 2.923000000000000000e+03
1.853926881912558883e+03 2.445000000000000000e+03
1.863005768906378080e+03 2.559000000000000000e+03
1.872084655900197049e+03 2.852000000000000000e+03
1.881163542894057855e+03 2.731000000000000000e+03
1.890242429887876824e+03 2.825000000000000000e+03
1.899321316881695793e+03 2.912000000000000000e+03
1.908400203875514990e+03 2.810000000000000000e+03
1.917479090869292577e+03 2.617000000000000000e+03
1.926557977863153155e+03 2.784000000000000000e+03
1.935636864856972352e+03 2.441000000000000000e+03
1.944715751850791094e+03 2.706000000000000000e+03
1.953794638844610290e+03 2.743000000000000000e+03
1.962873525838429487e+03 2.504000000000000000e+03
1.971952412832290065e+03 2.838000000000000000e+03
1.981031299826109262e+03 2.863000000000000000e+03
1.990110186819928003e+03 2.807000000000000000e+03
1.999189073813705818e+03 2.504000000000000000e+03
2.008267960807524787e+03 2.620000000000000000e+03
2.017346847801385366e+03 2.259000000000000000e+03
2.026425734795204562e+03 2.493000000000000000e+03
2.035504621789023531e+03 2.751000000000000000e+03
2.044583508782842500e+03 2.597000000000000000e+03
2.053662395776661469e+03 2.436000000000000000e+03
2.062741282770522503e+03 2.613000000000000000e+03
2.071820169764299862e+03 2.595000000000000000e+03
2.080899056758119059e+03 2.375000000000000000e+03
2.089977943751938255e+03 2.240000000000000000e+03
2.099056830745756997e+03 2.590000000000000000e+03
2.108135717739618030e+03 2.481000000000000000e+03
2.117214604733436772e+03 2.526000000000000000e+03
2.126293491727255969e+03 2.152000000000000000e+03
2.135372378721075165e+03 2.540000000000000000e+03
2.144451265714894362e+03 2.628000000000000000e+03
2.153530152708713103e+03 2.444000000000000000e+03
2.162609039702532300e+03 2.705000000000000000e+03
2.171687926696351497e+03 2.562000000000000000e+03
2.180766813690170238e+03 2.720000000000000000e+03
2.189845700683989435e+03 2.663000000000000000e+03
2.198924587677850013e+03 2.690000000000000000e+03
2.208003474671669210e+03 2.622000000000000000e+03
2.217082361665488406e+03 2.512000000000000000e+03
2.226161248659307148e+03 2.625000000000000000e+03
2.235240135653084508e+03 2.447000000000000000e+03
2.244319022646945541e+03 2.471000000000000000e+03
2.253397909640764283e+03 2.579000000000000000e+03
2.262476796634583479e+03 2.539000000000000000e+03
2.271555683628402676e+03 2.615000000000000000e+03
2.280634570622221872e+03 2.856000000000000000e+03
2.289713457616082451e+03 2.537000000000000000e+03
2.298792344609901647e+03 2.703000000000000000e+03
2.307871231603679007e+03 2.680000000000000000e+03
2.316950118597498204e+03 2.597000000000000000e+03
2.326029005591317400e+03 2.424000000000000000e+03
2.335107892585177979e+03 2.288000000000000000e+03
2.344186779578997175e+03 2.355000000000000000e+03
2.353265666572815917e+03 2.697000000000000000e+03
2.362344553566635113e+03 2.211000000000000000e+03
2.371423440560454310e+03 2.500000000000000000e+03
2.380502327554314888e+03 2.539000000000000000e+03
2.389581214548092248e+03 2.694000000000000000e+03
2.398660101541911445e+03 2.763000000000000000e+03
2.407738988535730186e+03 2.715000000000000000e+03
2.416817875529549383e+03 2.743000000000000000e+03
2.425896762523409961e+03 2.394000000000000000e+03
2.434975649517229158e+03 2.533000000000000000e+03
2.444054536511048354e+03 2.389000000000000000e+03
2.453133423504867096e+03 2.244000000000000000e+03
2.462212310498644911e+03 2.516000000000000000e+03
2.471291197492505489e+03 2.507000000000000000e+03
2.480370084486324686e+03 2.715000000000000000e+03
2.489448971480143427e+03 2.762000000000000000e+03
2.498527858473962624e+03 2.546000000000000000e+03
2.507606745467781820e+03 2.608000000000000000e+03
2.516685632461642399e+03 2.627000000000000000e+03
2.525764519455461595e+03 2.410000000000000000e+03
2.534843406449280792e+03 2.637000000000000000e+03
2.543922293443058152e+03 2.654000000000000000e+03
2.553001180436877348e+03 2.485000000000000000e+03
2.562080067430737927e+03 2.636000000000000000e+03
2.571158954424556669e+03 2.550000000000000000e+03
2.580237841418375865e+03 2.516000000000000000e+03
2.589316728412195062e+03 2.360000000000000000e+03
2.598395615406014258e+03 2.671000000000000000e+03
2.607474502399874837e+03 2.546000000000000000e+03
2.616553389393652651e+03 2.766000000000000000e+03
2.625632276387470938e+03 2.784000000000000000e+03
2.634711163381290135e+03 2.529000000000000000e+03
2.643790050375109331e+03 2.668000000000000000e+03
2.652868937368969910e+03 3.184000000000000000e+03
2.661947824362789106e+03 3.032000000000000000e+03
2.671026711356608303e+03 3.184000000000000000e+03
2.680105598350427499e+03 3.145000000000000000e+03
2.689184485344246696e+03 2.916000000000000000e+03
2.698263372338065437e+03 2.561000000000000000e+03
2.707342259331884634e+03 2.470000000000000000e+03
2.716421146325703830e+03 2.369000000000000000e+03
2.725500033319522572e+03 2.766000000000000000e+03
2.734578920313341769e+03 2.642000000000000000e+03
2.743657807307202347e+03 2.657000000000000000e+03
2.752736694301021544e+03 2.997000000000000000e+03
2.761815581294840740e+03 2.557000000000000000e+03
2.770894468288659482e+03 2.848000000000000000e+03
2.779973355282437296e+03 2.730000000000000000e+03
2.789052242276297875e+03 2.468000000000000000e+03
2.798131129270117071e+03 2.351000000000000000e+03
2.807210016263936268e+03 2.587000000000000000e+03
2.816288903257755464e+03 2.572000000000000000e+03
2.825367790251574661e+03 2.641000000000000000e+03
2.834446677245435239e+03 2.423000000000000000e+03
2.843525564239253526e+03 2.805000000000000000e+03
2.852604451233031341e+03 3.335000000000000000e+03
2.861683338226850537e+03 3.027000000000000000e+03
2.870762225220669734e+03 2.793000000000000000e+03
2.879841112214530312e+03 2.912000000000000000e+03
2.888919999208349509e+03 3.013000000000000000e+03
2.897998886202168705e+03 2.795000000000000000e+03
2.907077773195987447e+03 2.917000000000000000e+03
2.916156660189806189e+03 2.932000000000000000e+03
2.925235547183667222e+03 2.837000000000000000e+03
2.934314434177444582e+03 2.680000000000000000e+03
2.943393321171263779e+03 2.899000000000000000e+03
2.952472208165082975e+03 3.100000000000000000e+03
2.961551095158901717e+03 2.838000000000000000e+03
2.970629982152762295e+03 2.945000000000000000e+03
2.979708869146581492e+03 2.492000000000000000e+03
2.988787756140400688e+03 2.728000000000000000e+03
2.997866643134219885e+03 2.893000000000000000e+03
