1323 SN2005ip v rough spline-fit continuum sub (31/12/16) day 4082
4082
 -5.9992031E+03  3.1118896E+02
 -5.9901079E+03  1.4251541E+03
 -5.9810483E+03  1.3241184E+03
 -5.9719707E+03  1.0670828E+03
 -5.9628931E+03  2.3704663E+02
 -5.9538516E+03  2.3201025E+02
 -5.9447563E+03  6.2973389E+01
 -5.9357144E+03  1.0793604E+02
 -5.9266367E+03  2.4689771E+02
 -5.9175239E+03  1.6858887E+01
 -5.9084819E+03  8.8819824E+01
 -5.8994404E+03  9.6780762E+01
 -5.8903271E+03  3.7674048E+02
 -5.8812676E+03  6.3700195E+01
 -5.8721899E+03  1.8365942E+02
 -5.8631304E+03  2.0061841E+02
 -5.8540527E+03  1.4657642E+02
 -5.8449932E+03  7.1534180E+01
 -5.8359160E+03  1.0049121E+02
 -5.8268384E+03  2.3744823E+02
 -5.8177788E+03  1.8640428E+02
 -5.8087012E+03  3.6360107E+01
 -5.7996240E+03  6.2315430E+01
 -5.7905464E+03  2.7527026E+02
 -5.7814688E+03 -1.3077563E+02
 -5.7724092E+03  5.8178223E+01
 -5.7633320E+03 -1.3386865E+02
 -5.7542725E+03 -2.8291504E+02
 -5.7451768E+03 -6.5962891E+01
 -5.7361533E+03  4.9989258E+01
 -5.7270938E+03  2.5940676E+01
 -5.7179980E+03 -3.2810864E+02
 -5.7089209E+03 -2.7115820E+02
 -5.6998252E+03 -1.0920850E+02
 -5.6907480E+03 -2.2425903E+02
 -5.6817061E+03  1.6689941E+01
 -5.6726289E+03 -1.0036157E+02
 -5.6635693E+03 -2.7441382E+02
 -5.6544917E+03 -1.6466553E+01
 -5.6454141E+03 -1.7051903E+02
 -5.6363545E+03  9.7427002E+01
 -5.6272773E+03 -7.7626709E+01
 -5.6181997E+03 -1.5681641E+01
 -5.6091221E+03  1.7226270E+02
 -5.6000269E+03  1.9207031E+01
 -5.5909854E+03 -2.7884888E+02
 -5.5818896E+03 -2.8905518E+01
 -5.5728301E+03 -1.9196265E+02
 -5.5637886E+03  6.6979980E+01
 -5.5546934E+03 -2.2207861E+02
 -5.5456338E+03 -2.0613770E+02
 -5.5365562E+03  1.1780299E+02
 -5.5275146E+03  2.1744141E+01
 -5.5184014E+03 -4.3316650E+01
 -5.5093237E+03 -2.9377441E+01
 -5.5002642E+03 -1.1343896E+02
 -5.4911865E+03  1.3549902E+02
 -5.4821450E+03  9.5436523E+01
 -5.4730674E+03  5.6373291E+01
 -5.4639902E+03 -8.7689705E+01
 -5.4549307E+03 -1.0075317E+02
 -5.4458530E+03  9.7181877E+01
 -5.4367935E+03 -8.8830566E+00
 -5.4276982E+03  1.0905077E+02
 -5.4186387E+03  1.9398486E+02
 -5.4095430E+03 -1.1608203E+02
 -5.4004834E+03 -8.1494141E+00
 -5.3914419E+03  9.4783691E+01
 -5.3823467E+03 -4.0285152E+01
 -5.3732690E+03  3.6457520E+00
 -5.3642095E+03 -1.9423340E+01
 -5.3551318E+03  2.1506104E+01
 -5.3460723E+03  2.8436035E+01
 -5.3369771E+03  1.9436475E+02
 -5.3278994E+03 -2.2270653E+02
 -5.3188398E+03 -1.2177929E+02
 -5.3097627E+03 -6.4851562E+01
 -5.3007031E+03  2.8807544E+02
 -5.2916255E+03  6.9001221E+01
 -5.2825479E+03 -1.2907373E+02
 -5.2734883E+03 -2.6414795E+02
 -5.2643931E+03  5.6776367E+01
 -5.2553691E+03  1.9700439E+01
 -5.2463096E+03  3.0462402E+02
 -5.2371787E+03  1.6954639E+02
 -5.2281367E+03 -2.5310059E+00
 -5.2190415E+03 -2.6560986E+02
 -5.2099995E+03 -1.7068848E+02
 -5.2009224E+03  1.1623169E+02
 -5.1918447E+03 -1.5284814E+02
 -5.1827852E+03 -2.6792847E+02
 -5.1737075E+03 -2.5701025E+02
 -5.1646479E+03 -2.0309155E+02
 -5.1555708E+03 -4.9174072E+01
 -5.1464756E+03 -1.0825707E+02
 -5.1374155E+03 -3.4534061E+02
 -5.1283384E+03 -9.4243164E+00
 -5.1192788E+03 -1.8450928E+02
 -5.1102012E+03 -1.4594238E+01
 -5.1011060E+03  6.6631934E+02
 -5.0920464E+03  9.2523291E+02
 -5.0830044E+03  6.9214648E+02
 -5.0739629E+03  1.5405908E+02
 -5.0648496E+03 -6.7902985E+02
 -5.0557544E+03 -1.2371187E+03
 -5.0466948E+03  6.8879199E+02
 -5.0376172E+03 -1.0229785E+02
 -5.0285576E+03  4.6461157E+02
 -5.0194800E+03 -1.4664797E+03
 -5.0104028E+03 -1.8857104E+02
 -5.0013608E+03  3.1336426E+01
 -4.9922837E+03 -5.7563477E+00
 -4.9832241E+03  1.8715015E+02
 -4.9741465E+03  1.3805615E+02
 -4.9650688E+03 -2.5038818E+01
 -4.9559917E+03  9.8659668E+00
 -4.9469141E+03 -1.1522998E+02
 -4.9378545E+03 -2.3326174E+01
 -4.9287593E+03 -5.8424072E+01
 -4.9196997E+03 -1.1352173E+02
 -4.9106577E+03 -3.1561963E+02
 -4.9015625E+03 -3.2718750E+01
 -4.8925029E+03 -8.3818604E+01
 -4.8834253E+03 -5.9187012E+00
 -4.8743481E+03 -3.3019775E+01
 -4.8652705E+03  2.1487866E+02
 -4.8561929E+03  3.3777661E+02
 -4.8471333E+03  5.9673340E+01
 -4.8380562E+03 -1.7429688E+01
 -4.8289785E+03  6.4667964E+00
 -4.8199189E+03 -1.6637695E+01
 -4.8108413E+03 -1.4674316E+02
 -4.8017998E+03 -3.4384888E+02
 -4.7927046E+03  1.3044434E+01
 -4.7836089E+03 -1.8106250E+02
 -4.7745493E+03 -4.6017041E+02
 -4.7655078E+03  7.8721436E+01
 -4.7563945E+03 -1.4438867E+02
 -4.7473706E+03 -1.1497314E+01
 -4.7382754E+03 -2.0360767E+02
 -4.7292158E+03  1.5281495E+01
 -4.7201382E+03 -2.1083008E+02
 -4.7110786E+03  1.1305785E+02
 -4.7020015E+03  8.9448242E+00
 -4.6929238E+03  1.8183154E+02
 -4.6838643E+03 -7.8282227E+01
 -4.6747690E+03  1.2760254E+02
 -4.6657095E+03 -1.3051294E+02
 -4.6566318E+03 -2.6629150E+01
 -4.6475542E+03  4.4254395E+01
 -4.6384946E+03 -6.7863037E+01
 -4.6294175E+03  1.2301904E+02
 -4.6203579E+03 -4.4099369E+01
 -4.6112622E+03  1.4780762E+01
 -4.6022207E+03  1.3766138E+02
 -4.5931255E+03 -7.9459473E+01
 -4.5840479E+03  2.2541893E+02
 -4.5750239E+03 -2.2470215E+02
 -4.5659106E+03 -6.8825684E+01
 -4.5568335E+03 -3.0494897E+02
 -4.5477739E+03  3.3927002E+01
 -4.5386963E+03 -2.2219824E+02
 -4.5296543E+03 -1.0432397E+02
 -4.5205771E+03 -5.4511719E+00
 -4.5114995E+03  8.3421387E+01
 -4.5024399E+03  2.7293213E+01
 -4.4933447E+03 -1.4383667E+02
 -4.4842852E+03 -1.4696680E+02
 -4.4752075E+03  1.8901855E+01
 -4.4661304E+03 -1.8822974E+02
 -4.4570708E+03  1.7263770E+02
 -4.4479751E+03 -1.5496094E+01
 -4.4389336E+03 -1.0162989E+02
 -4.4298740E+03 -2.7651365E+00
 -4.4207788E+03 -2.9990161E+02
 -4.4117188E+03 -2.2303809E+02
 -4.4026416E+03  2.8282397E+02
 -4.3935640E+03 -1.4331421E+02
 -4.3844868E+03  1.6154639E+02
 -4.3754092E+03  1.8140576E+02
 -4.3663496E+03  3.3426511E+02
 -4.3572720E+03  5.9812305E+02
 -4.3482124E+03  9.3798071E+02
 -4.3391348E+03  8.0883722E+02
 -4.3300576E+03  4.3369287E+02
 -4.3210156E+03 -1.2045142E+02
 -4.3119385E+03 -2.5979004E+00
 -4.3028428E+03 -1.1774463E+02
 -4.2937656E+03 -3.7892334E+01
 -4.2846704E+03 -8.9041016E+01
 -4.2756108E+03  2.6810303E+01
 -4.2665869E+03  5.9661133E+01
 -4.2575273E+03 -7.6489014E+01
 -4.2484316E+03 -1.1964088E+02
 -4.2393545E+03  7.0206787E+01
 -4.2302949E+03 -9.6946297E+01
 -4.2212173E+03 -9.9609375E-02
 -4.2121396E+03 -2.6254883E+01
 -4.2030625E+03 -4.0410156E+01
 -4.1939849E+03 -1.7456642E+02
 -4.1849253E+03  1.5727686E+02
 -4.1758477E+03 -3.8880859E+01
 -4.1667881E+03  9.3960938E+01
 -4.1577109E+03 -2.0119873E+02
 -4.1486333E+03  6.5641846E+01
 -4.1395737E+03  1.4248071E+02
 -4.1304961E+03 -9.0680908E+01
 -4.1214365E+03  1.0015748E+02
 -4.1123232E+03 -7.9006592E+01
 -4.1032637E+03 -1.3217041E+02
 -4.0942400E+03  1.0566602E+02
 -4.0851270E+03  5.6499756E+01
 -4.0760852E+03 -3.9665039E+01
 -4.0669895E+03 -8.9832520E+01
 -4.0579126E+03 -8.8000977E+01
 -4.0488706E+03  2.3483180E+02
 -4.0397930E+03 -5.8337891E+01
 -4.0307336E+03 -4.3507080E+01
 -4.0216382E+03 -1.9967822E+02
 -4.0125608E+03  1.6215039E+02
 -4.0035012E+03  1.2597827E+02
 -3.9944236E+03 -7.1945796E+00
 -3.9853640E+03  1.0163209E+02
 -3.9762866E+03  1.5274579E+03
 -3.9671912E+03  2.3952822E+03
 -3.9581497E+03  2.3891069E+03
 -3.9490896E+03  1.1549304E+03
 -3.9399949E+03  1.7775293E+02
 -3.9309348E+03  1.7357570E+02
 -3.9218396E+03  2.5739600E+02
 -3.9127800E+03  2.0621704E+02
 -3.9037026E+03 -8.9631348E+00
 -3.8946431E+03 -1.5143554E+01
 -3.8855657E+03 -3.2519531E-01
 -3.8764878E+03  2.6149268E+02
 -3.8674285E+03 -2.6901855E+00
 -3.8583511E+03  5.3125977E+01
 -3.8493093E+03  4.9421391E+00
 -3.8402319E+03  1.3975708E+02
 -3.8311187E+03  1.0557056E+02
 -3.8220591E+03  4.4384766E+01
 -3.8129817E+03  3.3219724E+02
 -3.8039402E+03  1.9700928E+02
 -3.7948267E+03  1.3782080E+02
 -3.7858027E+03  1.0563208E+02
 -3.7767432E+03  1.0344189E+02
 -3.7676479E+03  2.5251221E+01
 -3.7586062E+03  5.3060547E+01
 -3.7495107E+03  2.4868164E+01
 -3.7404153E+03 -9.9324944E+01
 -3.7313557E+03 -1.3451782E+02
 -3.7222783E+03 -1.4711914E+01
 -3.7132188E+03 -2.0790674E+02
 -3.7041414E+03 -8.2102539E+01
 -3.6950640E+03 -1.0029810E+02
 -3.6860044E+03  1.1250513E+02
 -3.6769268E+03 -1.9569191E+02
 -3.6678672E+03 -1.0089014E+02
 -3.6587898E+03 -1.6089111E+01
 -3.6496946E+03 -1.5128857E+02
 -3.6406350E+03 -1.2448853E+02
 -3.6315396E+03  6.0310055E+01
 -3.6224802E+03  9.1086426E+00
 -3.6134561E+03 -6.9092041E+01
 -3.6043428E+03 -1.9429567E+02
 -3.5953010E+03  1.2150195E+02
 -3.5862236E+03 -4.2702393E+01
 -3.5771643E+03 -3.9064941E+00
 -3.5680867E+03  2.8887695E+01
 -3.5590093E+03 -5.3318115E+01
 -3.5499316E+03  3.0475830E+01
 -3.5408542E+03  4.8267822E+01
 -3.5317947E+03  1.0606055E+02
 -3.5227173E+03  2.0851807E+01
 -3.5136399E+03 -6.7357178E+01
 -3.5045803E+03 -9.1256665E+02
 -3.4955029E+03 -4.3177710E+02
 -3.4864429E+03  2.6601221E+02
 -3.4773660E+03  5.5280054E+02
 -3.4683059E+03 -3.3641187E+02
 -3.4591929E+03 -1.1636255E+03
 -3.4501511E+03 -1.5483838E+02
 -3.4410916E+03  8.0947754E+01
 -3.4319958E+03 -9.5267334E+01
 -3.4229185E+03 -9.7482674E+01
 -3.4138591E+03  1.3301025E+01
 -3.4047815E+03  1.6708498E+02
 -3.3957222E+03 -2.5132080E+01
 -3.3866445E+03  6.1650146E+01
 -3.3775671E+03 -4.3568604E+01
 -3.3684897E+03  1.8321240E+02
 -3.3594121E+03 -8.3007080E+01
 -3.3503704E+03 -2.8226316E+01
 -3.3412930E+03  5.6552490E+01
 -3.3321978E+03  2.3633034E+02
 -3.3231560E+03  1.6510913E+02
 -3.3140427E+03 -9.0114258E+01
 -3.3050188E+03 -1.3433569E+02
 -3.2959238E+03 -2.6956055E+02
 -3.2868638E+03 -6.0784424E+01
 -3.2778044E+03 -1.9009033E+01
 -3.2687090E+03 -7.2235352E+01
 -3.2596494E+03 -1.8246069E+02
 -3.2505720E+03 -1.2468750E+02
 -3.2414944E+03 -1.5291504E+02
 -3.2324348E+03 -4.5142090E+01
 -3.2233574E+03  1.5629150E+01
 -3.2142979E+03  4.4003906E+00
 -3.2052205E+03  2.0170654E+01
 -3.1961431E+03 -3.0805908E+02
 -3.1870830E+03 -8.2890625E+00
 -3.1779880E+03 -6.5217285E+00
 -3.1689287E+03  2.4924731E+02
 -3.1598508E+03  1.4015380E+01
 -3.1507556E+03  2.9778149E+02
 -3.1417139E+03  1.1254883E+02
 -3.1326721E+03  6.8315918E+01
 -3.1235588E+03  1.3908032E+02
 -3.1145171E+03 -8.6153809E+01
 -3.1054397E+03 -8.3389648E+01
 -3.0963801E+03 -9.3625244E+01
 -3.0872668E+03  8.0136963E+01
 -3.0782253E+03  3.4900146E+01
 -3.0691477E+03 -2.6233765E+02
 -3.0600703E+03  6.3424072E+01
 -3.0510107E+03 -8.8144531E+00
 -3.0419333E+03 -6.8054199E+01
 -3.0328735E+03 -1.2293457E+01
 -3.0237961E+03 -1.6953418E+02
 -3.0147188E+03 -5.5774902E+01
 -3.0056592E+03 -4.8501675E+02
 -2.9965815E+03 -1.4925806E+02
 -2.9875042E+03 -3.7500488E+01
 -2.9784089E+03  1.4425537E+02
 -2.9693672E+03 -1.6898730E+02
 -2.9603076E+03 -4.2323145E+02
 -2.9512122E+03  2.7523926E+01
 -2.9421882E+03  1.4427979E+02
 -2.9330752E+03  7.0336914E+00
 -2.9239976E+03  3.7787109E+01
 -2.9149561E+03  5.7541504E+01
 -2.9058606E+03 -4.4706055E+01
 -2.8967832E+03 -1.7095409E+02
 -2.8877058E+03  2.9679736E+02
 -2.8786282E+03 -1.3945044E+02
 -2.8695864E+03  1.7230103E+02
 -2.8605090E+03 -9.4848633E-01
 -2.8514495E+03  1.5980150E+02
 -2.8423721E+03 -2.5449219E+01
 -2.8332944E+03  2.7029956E+02
 -2.8242349E+03  7.2048340E+01
 -2.8151396E+03  2.7579614E+02
 -2.8060620E+03  1.3354346E+02
 -2.7970205E+03  1.7029077E+02
 -2.7879250E+03  2.2503735E+02
 -2.7788655E+03  1.4078369E+02
 -2.7697881E+03  3.9528809E+01
 -2.7607285E+03 -2.3725342E+01
 -2.7516509E+03  1.3101880E+02
 -2.7425735E+03  1.6476343E+02
 -2.7335139E+03  2.2650708E+02
 -2.7244365E+03  2.3325049E+02
 -2.7153589E+03  2.2199316E+02
 -2.7062815E+03  1.6735352E+01
 -2.6972041E+03 -6.5231934E+00
 -2.6881445E+03  1.6921873E+02
 -2.6790669E+03  2.6195972E+02
 -2.6700073E+03  4.7700684E+01
 -2.6609299E+03  6.4409180E+00
 -2.6518882E+03  8.8181396E+01
 -2.6427749E+03 -1.4408105E+02
 -2.6337512E+03  2.9565918E+02
 -2.6246917E+03  2.4398438E+01
 -2.6155784E+03  1.8213501E+02
 -2.6064829E+03  1.4787158E+02
 -2.5974412E+03  1.8560889E+02
 -2.5883638E+03  2.1834619E+02
 -2.5793042E+03  5.8082275E+01
 -2.5702268E+03 -9.3618152E+02
 -2.5611492E+03  5.3553223E+01
 -2.5520896E+03  2.2428809E+02
 -2.5430122E+03  7.1502246E+02
 -2.5339526E+03 -5.5524292E+02
 -2.5248572E+03 -7.0051050E+02
 -2.5157798E+03 -5.4777103E+01
 -2.5067202E+03  2.6595581E+02
 -2.4976250E+03  4.3687500E+01
 -2.4885833E+03  3.7420898E+01
 -2.4794878E+03  1.9815138E+02
 -2.4704282E+03  1.1988306E+02
 -2.4614043E+03  3.2615234E+01
 -2.4522913E+03  1.4534424E+02
 -2.4432495E+03  1.2607520E+02
 -2.4341362E+03  3.6080347E+02
 -2.4250588E+03 -1.3467285E+01
 -2.4159993E+03  1.4326196E+02
 -2.4069216E+03  1.2198926E+02
 -2.3978801E+03 -4.2810059E+00
 -2.3888025E+03  8.9445312E+01
 -2.3797251E+03  2.0917285E+02
 -2.3706655E+03  3.3290015E+02
 -2.3615881E+03  1.9262621E+02
 -2.3525283E+03  2.5835254E+02
 -2.3434509E+03  3.1007788E+02
 -2.3343198E+03  1.9380125E+02
 -2.3252961E+03  3.3452832E+02
 -2.3162363E+03  2.9525269E+02
 -2.3071411E+03  2.3297583E+02
 -2.2980815E+03 -5.1299805E+01
 -2.2890042E+03  1.6142358E+02
 -2.2799446E+03  5.6146729E+01
 -2.2708669E+03  1.8286938E+02
 -2.2618074E+03  3.6359180E+02
 -2.2527300E+03  8.6313965E+01
 -2.2436345E+03  1.1403490E+02
 -2.2345750E+03 -2.2441406E+00
 -2.2254976E+03 -9.5227051E+00
 -2.2164380E+03  1.0919800E+02
 -2.2073606E+03 -5.2081787E+01
 -2.1982830E+03  1.1863770E+02
 -2.1892412E+03  1.8135768E+02
 -2.1801460E+03  2.6107642E+02
 -2.1711042E+03  2.1479590E+02
 -2.1619910E+03  1.8751318E+02
 -2.1529492E+03  1.9623242E+02
 -2.1438896E+03  1.0499502E+03
 -2.1347944E+03 -1.5633327E+02
 -2.1257349E+03  3.2438452E+02
 -2.1166572E+03 -4.0889868E+02
 -2.1075798E+03  1.3481714E+02
 -2.0985203E+03  3.6353394E+02
 -2.0894429E+03  5.3224976E+02
 -2.0803833E+03  3.4196533E+02
 -2.0713057E+03  2.3168066E+02
 -2.0622283E+03  2.3947754E+00
 -2.0531509E+03  4.3210938E+02
 -2.0440734E+03  4.2082324E+02
 -2.0350138E+03  1.6553760E+02
 -2.0259364E+03  3.3825073E+02
 -2.0168408E+03  4.2896338E+02
 -2.0077992E+03 -1.5032300E+02
 -1.9987040E+03  5.0238989E+02
 -1.9896442E+03  3.5310205E+02
 -1.9806205E+03  5.4981592E+02
 -1.9715072E+03  3.6652637E+02
 -1.9624298E+03  3.1323706E+02
 -1.9533523E+03  3.0094824E+02
 -1.9443105E+03  3.3665991E+02
 -1.9352153E+03  2.8836963E+02
 -1.9261379E+03  3.1108008E+02
 -1.9170961E+03  2.1979053E+02
 -1.9080187E+03  5.3550073E+02
 -1.8989589E+03  1.9320996E+02
 -1.8898817E+03  3.9891895E+02
 -1.8808041E+03 -1.9937209E+02
 -1.8717264E+03  6.5633618E+02
 -1.8626493E+03 -1.1695605E+02
 -1.8535895E+03  1.0037529E+03
 -1.8445121E+03 -7.5539551E+01
 -1.8354526E+03  3.1716821E+02
 -1.8263571E+03  4.5687427E+02
 -1.8172976E+03  6.5858154E+02
 -1.8082559E+03  9.3528955E+02
 -1.7991606E+03  7.2399536E+02
 -1.7900830E+03  6.8270117E+02
 -1.7810234E+03  8.7340723E+02
 -1.7719282E+03  9.2911230E+02
 -1.7628684E+03  7.1981812E+02
 -1.7537910E+03  7.4052277E+02
 -1.7447136E+03  9.8922754E+02
 -1.7356541E+03  8.3093243E+02
 -1.7265765E+03  6.5363678E+02
 -1.7175348E+03  9.1134155E+02
 -1.7084574E+03  6.9004565E+02
 -1.6993622E+03  9.8774847E+02
 -1.6903203E+03  5.8545312E+02
 -1.6811892E+03  8.3515430E+02
 -1.6721655E+03  6.8485840E+02
 -1.6631057E+03  7.0356177E+02
 -1.6540105E+03  7.6426318E+02
 -1.6449688E+03  7.8396606E+02
 -1.6358735E+03  7.5966840E+02
 -1.6268138E+03  6.0936963E+02
 -1.6177363E+03  8.5807129E+02
 -1.6086588E+03  9.6377246E+02
 -1.5995992E+03  8.2547388E+02
 -1.5905039E+03  1.0291741E+03
 -1.5814445E+03  9.0687518E+02
 -1.5723668E+03  7.6357520E+02
 -1.5632894E+03  8.4627563E+02
 -1.5542299E+03  1.1919768E+03
 -1.5451523E+03  1.0836763E+03
 -1.5360928E+03  1.0023760E+03
 -1.5270153E+03  9.8507513E+02
 -1.5179199E+03  9.1277344E+02
 -1.5088604E+03  8.3647308E+02
 -1.4998365E+03  4.6417310E+02
 -1.4907054E+03  7.0487018E+02
 -1.4816459E+03  8.9156934E+02
 -1.4725684E+03  9.0226685E+02
 -1.4635266E+03  9.2296631E+02
 -1.4544313E+03  3.5566309E+02
 -1.4453895E+03  1.1323616E+03
 -1.4363121E+03  1.4220593E+03
 -1.4272346E+03  1.2267568E+03
 -1.4181750E+03  1.5724539E+03
 -1.4090975E+03  1.2471509E+03
 -1.4000201E+03  1.2428469E+03
 -1.3909426E+03  1.3895441E+03
 -1.3818652E+03  1.3762397E+03
 -1.3728057E+03  1.2929362E+03
 -1.3637281E+03  1.1466323E+03
 -1.3546686E+03  1.3423293E+03
 -1.3455732E+03  1.4680236E+03
 -1.3365315E+03  1.2277202E+03
 -1.3274719E+03  1.4384163E+03
 -1.3183766E+03  1.2541106E+03
 -1.3092991E+03  1.2598057E+03
 -1.3002217E+03  1.2315005E+03
 -1.2911442E+03  1.5821953E+03
 -1.2820846E+03  1.3918904E+03
 -1.2730071E+03  1.3335842E+03
 -1.2639475E+03  1.2932792E+03
 -1.2548700E+03  1.6369733E+03
 -1.2457926E+03  1.4716670E+03
 -1.2367509E+03  1.7203623E+03
 -1.2276733E+03  1.3440560E+03
 -1.2186138E+03  1.8497500E+03
 -1.2095006E+03  2.1924424E+03
 -1.2004053E+03  2.1041350E+03
 -1.1913815E+03  1.9688296E+03
 -1.1822682E+03  1.8505212E+03
 -1.1732264E+03  1.5482152E+03
 -1.1641848E+03  1.7889092E+03
 -1.1550895E+03  1.7236008E+03
 -1.1460298E+03  1.8922944E+03
 -1.1369524E+03  1.8259865E+03
 -1.1278928E+03  1.8126792E+03
 -1.1187975E+03  1.5993708E+03
 -1.1097200E+03  1.8530630E+03
 -1.1006604E+03  1.6707552E+03
 -1.0915829E+03  1.8804475E+03
 -1.0825233E+03  1.9331398E+03
 -1.0734458E+03  2.0188311E+03
 -1.0643684E+03  1.7225226E+03
 -1.0553088E+03  1.5182140E+03
 -1.0462313E+03  2.0379053E+03
 -1.0371896E+03  2.0225979E+03
 -1.0280764E+03  1.9572878E+03
 -1.0190167E+03  1.8529800E+03
 -1.0099214E+03  1.8796702E+03
 -1.0008619E+03  1.8183608E+03
 -9.9183807E+02  2.2120540E+03
 -9.8274268E+02  2.0167434E+03
 -9.7366522E+02  2.2424341E+03
 -9.6460565E+02  2.0101251E+03
 -9.5552820E+02  2.1848152E+03
 -9.4646857E+02  2.0545066E+03
 -9.3739105E+02  1.8271965E+03
 -9.2829578E+02  2.4538855E+03
 -9.1923627E+02  2.1165769E+03
 -9.1015875E+02  2.6182666E+03
 -9.0109912E+02  2.3939575E+03
 -8.9202167E+02  2.4336472E+03
 -8.8294421E+02  2.2733367E+03
 -8.7388458E+02  2.3020273E+03
 -8.6478925E+02  2.6047163E+03
 -8.5574750E+02  2.8724075E+03
 -8.4668787E+02  2.5040969E+03
 -8.3757483E+02  2.8697852E+03
 -8.2851520E+02  2.7884753E+03
 -8.1943768E+02  2.9801655E+03
 -8.1037811E+02  2.7778550E+03
 -8.0130066E+02  2.9105447E+03
 -7.9222314E+02  3.2082336E+03
 -7.8316357E+02  2.7359233E+03
 -7.7408612E+02  2.9126125E+03
 -7.6504437E+02  2.8533022E+03
 -7.5596692E+02  3.1159919E+03
 -7.4685370E+02  3.1766792E+03
 -7.3781201E+02  3.4603701E+03
 -7.2873450E+02  3.6870591E+03
 -7.1967493E+02  4.3697480E+03
 -7.1059747E+02  5.8114375E+03
 -7.0148425E+02  7.6921250E+03
 -6.9244250E+02  9.6318154E+03
 -6.8340082E+02  1.0231506E+04
 -6.7434119E+02  1.1221193E+04
 -6.6524585E+02  1.0790884E+04
 -6.5616840E+02  8.4705723E+03
 -6.4709094E+02  7.2062607E+03
 -6.3801349E+02  5.3149492E+03
 -6.2895392E+02  4.4436377E+03
 -6.1987640E+02  4.2893281E+03
 -6.1079895E+02  5.1200156E+03
 -6.0173938E+02  6.3197061E+03
 -5.9266193E+02  6.1953945E+03
 -5.8360229E+02  4.9930840E+03
 -5.7452484E+02  4.3547729E+03
 -5.6544739E+02  4.1274609E+03
 -5.5636993E+02  4.3141504E+03
 -5.4729248E+02  4.5488398E+03
 -5.3823285E+02  4.5405278E+03
 -5.2913751E+02  4.2712168E+03
 -5.2007794E+02  4.5979048E+03
 -5.1105408E+02  4.7065967E+03
 -5.0195874E+02  4.6772852E+03
 -4.9289911E+02  4.6939746E+03
 -4.8382172E+02  4.7456631E+03
 -4.7474423E+02  4.5113521E+03
 -4.6566675E+02  5.0290410E+03
 -4.5658926E+02  4.6377300E+03
 -4.4752969E+02  5.0224180E+03
 -4.3845224E+02  5.0351079E+03
 -4.2937479E+02  4.7377979E+03
 -4.2031519E+02  5.3954863E+03
 -4.1123767E+02  5.2241763E+03
 -4.0217810E+02  5.1628662E+03
 -3.9310065E+02  5.4725552E+03
 -3.8400531E+02  5.0022432E+03
 -3.7494571E+02  5.2949331E+03
 -3.6588614E+02  5.6606235E+03
 -3.5679080E+02  5.4893125E+03
 -3.4774905E+02  5.4620029E+03
 -3.3865375E+02  5.5976919E+03
 -3.2959415E+02  5.1913828E+03
 -3.2051666E+02  5.2980713E+03
 -3.1147495E+02  5.4547637E+03
 -3.0237961E+02  5.1694526E+03
 -2.9330215E+02  5.6991416E+03
 -2.8426044E+02  5.5798330E+03
 -2.7514722E+02  6.5915225E+03
 -2.6610550E+02  8.6672129E+03
 -2.5702805E+02  9.3569023E+03
 -2.4795058E+02  8.3265928E+03
 -2.3889098E+02  7.0842847E+03
 -2.2981351E+02  5.3279746E+03
 -2.2075392E+02  5.6116650E+03
 -2.1165858E+02  5.4713545E+03
 -2.0261687E+02  5.4130464E+03
 -1.9352153E+02  5.5417363E+03
 -1.8444406E+02  5.2734268E+03
 -1.7540233E+02  5.4381182E+03
 -1.6630701E+02  5.4538091E+03
 -1.5722954E+02  5.4275010E+03
 -1.4816994E+02  5.3981929E+03
 -1.3909248E+02  5.2608838E+03
 -1.3003288E+02  5.5555762E+03
 -1.2095543E+02  5.4512656E+03
 -1.1187797E+02  5.3909590E+03
 -1.0281836E+02  5.2456504E+03
 -9.3723030E+01  5.6763408E+03
 -8.4663437E+01  5.1470332E+03
 -7.5585968E+01  5.8807261E+03
 -6.6508507E+01  6.6394175E+03
 -5.7448914E+01  8.3401113E+03
 -4.8353577E+01  1.2599801E+04
 -3.9329720E+01  1.9379496E+04
 -3.0270126E+01  2.8299189E+04
 -2.1174793E+01  3.7938883E+04
 -1.2115198E+01  4.4228574E+04
 -3.0377340E+00  4.8298270E+04
  6.0397301E+00  4.6777957E+04
  1.5117194E+01  3.8827656E+04
  2.4194658E+01  2.7127344E+04
  3.3272121E+01  1.6247040E+04
  4.2349586E+01  1.0206734E+04
  5.1391312E+01  7.3934287E+03
  6.0468777E+01  6.1251221E+03
  6.9546242E+01  5.1148164E+03
  7.8587967E+01  4.7185117E+03
  8.7665428E+01  4.6952061E+03
  9.6742897E+01  4.4759004E+03
  1.0582037E+02  4.3915952E+03
  1.1493356E+02  4.6422881E+03
  1.2401102E+02  4.5299829E+03
  1.3301701E+02  4.1216807E+03
  1.4209448E+02  4.1623750E+03
  1.5117194E+02  4.1290703E+03
  1.6024940E+02  3.9737664E+03
  1.6932687E+02  4.0174622E+03
  1.7840433E+02  3.7841567E+03
  1.8748180E+02  3.9988538E+03
  1.9655927E+02  4.0465500E+03
  2.0563672E+02  3.7072458E+03
  2.1467845E+02  4.0409431E+03
  2.2375594E+02  3.6536406E+03
  2.3283337E+02  3.8763372E+03
  2.4191086E+02  3.5700342E+03
  2.5098831E+02  3.5227310E+03
  2.6003003E+02  3.3954294E+03
  2.6910748E+02  3.1411267E+03
  2.7814923E+02  3.4528267E+03
  2.8729816E+02  3.1875215E+03
  2.9633987E+02  3.2712207E+03
  3.0538162E+02  3.1839202E+03
  3.1449481E+02  2.9156182E+03
  3.2353653E+02  3.4883174E+03
  3.3261401E+02  2.8760166E+03
  3.4169147E+02  2.7157161E+03
  3.5073318E+02  2.9194160E+03
  3.5981067E+02  2.6711150E+03
  3.6888812E+02  2.6678152E+03
  3.7796558E+02  2.5805146E+03
  3.8704306E+02  2.8922153E+03
  3.9612051E+02  2.5629153E+03
  4.0519797E+02  2.3226167E+03
  4.1423972E+02  2.3713181E+03
  4.2331717E+02  2.1680188E+03
  4.3243036E+02  2.3357195E+03
  4.4147211E+02  2.1794214E+03
  4.5051382E+02  2.0401246E+03
  4.5962701E+02  1.9178252E+03
  4.6870447E+02  1.7945272E+03
  4.7778195E+02  2.0002300E+03
  4.8682367E+02  1.8929331E+03
  4.9590115E+02  1.8396356E+03
  5.0497861E+02  2.0083396E+03
  5.1405609E+02  1.4730425E+03
  5.2313354E+02  1.6167456E+03
  5.3217523E+02  1.5264503E+03
  5.4125275E+02  1.6801543E+03
  5.5029443E+02  1.0948606E+03
  5.5937189E+02  1.4175645E+03
  5.6848511E+02  1.3002681E+03
  5.7752686E+02  1.6309746E+03
  5.8660431E+02  1.1486787E+03
  5.9568176E+02  1.3683848E+03
  6.0475922E+02  8.5109082E+02
  6.1380096E+02  1.0527976E+03
  6.2287842E+02  9.6350488E+02
  6.3195587E+02  1.3272106E+03
  6.4099762E+02  1.2729187E+03
  6.5011084E+02  1.0406250E+03
  6.5918829E+02  9.5033228E+02
  6.6826575E+02  1.2260398E+03
  6.7734320E+02  9.6874756E+02
  6.8638495E+02  8.2445679E+02
  6.9546240E+02  9.4016510E+02
  7.0453986E+02  8.8387402E+02
  7.1361731E+02  1.1925828E+03
  7.2269476E+02  8.8229175E+02
  7.3173651E+02  8.6200269E+02
  7.4081396E+02  1.2217126E+03
  7.4992719E+02  5.7942139E+02
  7.5896893E+02  1.0141330E+03
  7.6808209E+02  8.4484302E+02
  7.7712384E+02  8.6655487E+02
  7.8616559E+02  7.3226758E+02
  7.9527881E+02  1.2599778E+03
  8.0432056E+02  1.6266912E+03
  8.1339795E+02  1.4854031E+03
  8.2243970E+02  1.1751174E+03
  8.3151709E+02  2.4982935E+02
  8.4059460E+02  5.0354272E+02
  8.4967206E+02  8.6325684E+02
  8.5874957E+02  1.0729697E+03
  8.6782703E+02  1.0116838E+03
  8.7690448E+02  1.6143987E+03
  8.8598199E+02  2.4051135E+03
  8.9502374E+02  3.7278293E+03
  9.0410114E+02  7.5985449E+03
  9.1317853E+02  1.3088261E+04
  9.2225604E+02  1.8597977E+04
  9.3129779E+02  2.1707695E+04
  9.4041095E+02  2.3897406E+04
  9.4945270E+02  2.2567125E+04
  9.5849445E+02  1.8066846E+04
  9.6760767E+02  1.0066562E+04
  9.7668518E+02  5.2832798E+03
  9.8576257E+02  2.7539983E+03
  9.9483997E+02  1.5467175E+03
  1.0038817E+03  8.4743726E+02
  1.0129592E+03  8.2915698E+02
  1.0220367E+03  5.8487671E+02
  1.0311141E+03  8.0659601E+02
  1.0401917E+03  2.4031689E+02
  1.0492333E+03  5.6803857E+02
  1.0583108E+03  2.7475977E+02
  1.0673883E+03  4.1048145E+02
  1.0764657E+03  4.9203125E+01
  1.0855432E+03  4.4292505E+02
  1.0945850E+03  1.0416494E+03
  1.1036981E+03  1.4693710E+03
  1.1127399E+03  1.7330952E+03
  1.1217816E+03  1.0768198E+03
  1.1308948E+03  6.2654321E+02
  1.1399723E+03  3.8626758E+02
  1.1490497E+03  2.2599170E+02
  1.1581272E+03 -1.0428247E+02
  1.1671688E+03  2.9544360E+02
  1.1762463E+03  1.1817017E+02
  1.1853239E+03  3.0789575E+02
  1.1944012E+03  2.9962280E+02
  1.2034788E+03 -1.2465015E+02
  1.2125205E+03 -8.7921631E+01
  1.2216337E+03  1.3180518E+02
  1.2306754E+03 -9.4465820E+01
  1.2397528E+03  7.9263191E+01
  1.2488661E+03  2.1899121E+02
  1.2578721E+03  2.1722656E+01
  1.2669495E+03 -2.6547119E+01
  1.2760627E+03  5.2181400E+01
  1.2851045E+03 -1.7908667E+02
  1.2941819E+03 -2.0435571E+02
  1.3032236E+03 -8.8623535E+01
  1.3123368E+03  1.1910742E+02
  1.3213785E+03  1.5284155E+02
  1.3304561E+03 -1.7542651E+02
  1.3395334E+03 -2.0769312E+02
  1.3486110E+03 -1.0295923E+02
  1.3576884E+03 -2.5226074E+01
  1.3667301E+03 -1.7049023E+02
  1.3758076E+03 -1.4375537E+02
  1.3848850E+03 -1.5802049E+02
  1.3939625E+03 -2.7928467E+02
  1.4030400E+03 -1.1154858E+02
  1.4121174E+03 -7.4812012E+01
  1.4211949E+03 -5.7075195E+01
  1.4302367E+03  1.6662842E+01
  1.4392783E+03 -1.0259765E+02
  1.4483916E+03 -3.1986035E+02
  1.4574690E+03  2.0287817E+02
  1.4665465E+03 -1.4938257E+02
  1.4756240E+03  2.6135669E+02
  1.4846656E+03 -9.6901863E+01
  1.4937432E+03  1.0783862E+02
  1.5028207E+03 -2.4642065E+02
  1.5118981E+03 -3.7678955E+01
  1.5209756E+03  3.3106296E+02
  1.5300173E+03 -5.5194336E+01
  1.5390947E+03 -1.2045117E+02
  1.5481722E+03  1.3629175E+02
  1.5572496E+03  5.9035892E+01
  1.5663271E+03 -6.6220215E+01
  1.5753688E+03 -3.5847464E+02
  1.5844821E+03  1.6526929E+02
  1.5935596E+03  1.4201538E+02
  1.6026013E+03  6.7761963E+01
  1.6116787E+03  1.0350854E+02
  1.6207562E+03 -7.0744385E+01
  1.6298337E+03 -5.9973145E+00
  1.6388754E+03 -5.5324829E+02
  1.6479530E+03 -2.2949976E+02
  1.6570304E+03  2.4926758E-01
  1.6661078E+03 -6.8000977E+01
  1.6751852E+03 -2.7025195E+02
  1.6842626E+03 -4.3501221E+01
  1.6933402E+03 -3.3375000E+02
  1.7024176E+03 -3.3998535E+01
  1.7114592E+03  9.8754150E+01
  1.7205369E+03  9.5061035E+00
  1.7295785E+03 -1.8473999E+02
  1.7386559E+03  6.8013916E+01
  1.7477335E+03 -1.4323267E+02
  1.7568109E+03  1.4552173E+02
  1.7658884E+03 -1.4472339E+02
  1.7749302E+03 -2.1596680E+02
  1.7840433E+03  1.4478784E+02
  1.7931208E+03 -4.5455811E+01
  1.8021625E+03  2.7530200E+02
  1.8112401E+03 -2.0294019E+02
  1.8203175E+03 -8.9182129E+01
  1.8293949E+03  2.0357619E+02
  1.8384725E+03  8.2335205E+01
  1.8475139E+03  1.7609619E+02
  1.8565916E+03  2.6285571E+02
  1.8656692E+03  1.6061670E+02
  1.8747463E+03 -3.2622070E+01
  1.8838240E+03  1.3413916E+02
  1.8929014E+03 -2.0909814E+02
  1.9019788E+03  5.5664307E+01
  1.9110206E+03  9.2428711E+01
  1.9200623E+03 -1.4680688E+02
  1.9291755E+03  1.8695630E+02
  1.9382173E+03  2.1172240E+02
  1.9473304E+03  1.5548706E+02
  1.9563722E+03 -1.4774585E+02
  1.9654854E+03 -3.1980225E+01
  1.9745630E+03 -3.9321313E+02
  1.9836046E+03 -1.5944434E+02
  1.9926820E+03  9.8323730E+01
  2.0017239E+03 -5.5906250E+01
  2.0108013E+03 -2.1713696E+02
  2.0198787E+03 -4.0367676E+01
  2.0289563E+03 -5.8596436E+01
  2.0380334E+03 -2.7882544E+02
  2.0470753E+03 -4.1405270E+02
  2.0561528E+03 -6.4280762E+01
  2.0653018E+03 -1.7351025E+02
  2.0743435E+03 -1.2873633E+02
  2.0833853E+03 -5.0296094E+02
  2.0924626E+03 -1.1518677E+02
  2.1015400E+03 -2.7411621E+01
  2.1106177E+03 -2.1163550E+02
  2.1196594E+03  4.9141605E+01
  2.1287368E+03 -9.4082031E+01
  2.1378142E+03  6.3695557E+01
  2.1468916E+03  6.4736323E+00
  2.1559692E+03  3.3252686E+01
  2.1650466E+03 -3.4968506E+01
  2.1741240E+03 -1.4518872E+02
  2.1831658E+03 -3.2407471E+01
  2.1922434E+03 -2.1062646E+02
  2.2013208E+03 -1.8684497E+02
  2.2103625E+03 -7.9061768E+01
  2.2194399E+03 -1.1927905E+02
  2.2285173E+03 -4.3495605E+01
  2.2375950E+03  1.9728857E+02
  2.2466724E+03 -1.2192676E+02
  2.2557141E+03  4.3859131E+01
  2.2648271E+03  2.0644531E+01
  2.2738689E+03 -6.2568111E+01
  2.2829465E+03 -2.3578101E+02
  2.2920239E+03 -3.7199368E+02
  2.3011013E+03 -3.0520508E+02
  2.3101790E+03  3.6584473E+01
  2.3192205E+03 -4.4962524E+02
  2.3282981E+03 -1.6083521E+02
  2.3373755E+03 -1.2204443E+02
  2.3464529E+03  3.2746826E+01
  2.3555305E+03  1.0153979E+02
  2.3646079E+03  5.3332275E+01
  2.3736853E+03  8.1125488E+01
  2.3827629E+03 -2.6808008E+02
  2.3918044E+03 -1.2928491E+02
  2.4009177E+03 -2.7349048E+02
  2.4099595E+03 -4.1869336E+02
  2.4190012E+03 -1.4689575E+02
  2.4281145E+03 -1.5609912E+02
  2.4371919E+03  5.1698730E+01
  2.4462693E+03  9.8497070E+01
  2.4553110E+03 -1.1770264E+02
  2.4643884E+03 -5.5903320E+01
  2.4734661E+03 -3.7101807E+01
  2.4825078E+03 -2.5430054E+02
  2.4915852E+03 -2.7498047E+01
  2.5006626E+03 -1.0695557E+01
  2.5097400E+03 -1.7989305E+02
  2.5188176E+03 -2.9088135E+01
  2.5278950E+03 -1.1528369E+02
  2.5369724E+03 -1.4947900E+02
  2.5460142E+03 -3.0567163E+02
  2.5550918E+03  5.1347656E+00
  2.5641692E+03 -1.2005761E+02
  2.5732466E+03  9.9750000E+01
  2.5823240E+03  1.1755908E+02
  2.5913301E+03 -1.3763013E+02
  2.6004434E+03  1.1789551E+00
  2.6095208E+03  5.1698999E+02
  2.6185981E+03  3.6480151E+02
  2.6276758E+03  5.1661377E+02
  2.6367532E+03  4.7742603E+02
  2.6458306E+03  2.4823975E+02
  2.6549080E+03 -1.0694604E+02
  2.6639497E+03 -1.9813062E+02
  2.6730273E+03 -2.9931445E+02
  2.6820688E+03  9.7502441E+01
  2.6911465E+03 -2.6681398E+01
  2.7002239E+03 -1.1864014E+01
  2.7093013E+03  3.2795337E+02
  2.7184146E+03 -1.1222974E+02
  2.7274563E+03  1.7858911E+02
  2.7364980E+03  6.0409184E+01
  2.7456113E+03 -2.0177222E+02
  2.7546528E+03 -3.1895163E+02
  2.7637305E+03 -8.3131592E+01
  2.7728079E+03 -9.8311279E+01
  2.7818853E+03 -2.9490479E+01
  2.7909629E+03 -2.4766919E+02
  2.8000046E+03  1.3415332E+02
  2.8091177E+03  6.6397485E+02
  2.8181594E+03  3.5579861E+02
  2.8272368E+03  1.2162183E+02
  2.8363145E+03  2.4044507E+02
  2.8453918E+03  3.4126883E+02
  2.8544692E+03  1.2309302E+02
  2.8635110E+03  2.4491820E+02
  2.8725884E+03  2.5974365E+02
  2.8817017E+03  1.6456860E+02
  2.8907434E+03  7.3947754E+00
  2.8997852E+03  2.2622266E+02
  2.9088625E+03  4.2704858E+02
  2.9179758E+03  1.6487572E+02
  2.9270532E+03  2.7170337E+02
  2.9360950E+03 -1.8146802E+02
  2.9451724E+03  5.4360596E+01
  2.9542141E+03  2.1919017E+02
  2.9632917E+03  1.8201953E+02
  2.9723691E+03  3.7184888E+02
  2.9814465E+03  1.0867896E+02
  2.9905242E+03  4.9751001E+02
  2.9996016E+03  1.3134058E+02
  3.0086790E+03  8.0171631E+01
  3.0177563E+03  2.9200342E+02
  3.0267981E+03  8.4835693E+01
  3.0358757E+03 -7.1331055E+01
  3.0449531E+03  3.8150174E+02
  3.0540305E+03 -5.8665527E+01
  3.0631079E+03  2.9316846E+02
  3.0721140E+03  2.3400391E+02
  3.0812273E+03  9.7837646E+01
  3.0903047E+03  8.9672607E+01
  3.0993821E+03  6.0750757E+02
  3.1084597E+03  6.2343750E+01
  3.1175371E+03  1.6217969E+02
  3.1266145E+03  4.2501608E+02
  3.1356562E+03  7.0385327E+02
  3.1447336E+03  1.1069043E+02
  3.1538113E+03  3.5528809E+01
  3.1628530E+03  1.0136719E+02
  3.1719304E+03 -4.3794434E+01
  3.1810078E+03 -5.0955811E+01
  3.1900852E+03  1.1288281E+02
  3.1991985E+03  3.2372144E+02
  3.2082402E+03  2.2956274E+02
  3.2172822E+03  7.4403320E+01
  3.2263953E+03  1.9244141E+01
  3.2354370E+03 -2.3591455E+02
  3.2445144E+03  4.1192651E+02
  3.2535918E+03  9.6768311E+01
  3.2626692E+03 -8.3894043E+00
  3.2717109E+03  4.8045358E+02
  3.2808240E+03  1.4029614E+02
  3.2899014E+03  2.4513942E+02
  3.2989436E+03 -1.0101636E+02
  3.3080210E+03  2.4282739E+02
  3.3170984E+03  3.4967264E+02
  3.3261758E+03 -2.4482910E+01
  3.3352532E+03  1.5536157E+02
  3.3442949E+03  9.5208252E+01
  3.3533726E+03  3.1605420E+02
  3.3624143E+03  2.7490088E+02
  3.3715632E+03  4.3974655E+02
  3.3805691E+03  2.1459521E+02
  3.3896821E+03  8.1441895E+01
  3.3987244E+03  2.4128955E+02
  3.4077659E+03  4.2813794E+02
  3.4168787E+03  2.2898633E+02
  3.4259561E+03 -9.5164795E+01
  3.4349983E+03  5.7068384E+02
  3.4440757E+03  2.8053418E+02
  3.4531531E+03  3.5038452E+02
  3.4622305E+03  1.3623413E+02
  3.4713081E+03  2.2408496E+02
  3.4803855E+03 -1.5806395E+02
  3.4894631E+03 -4.6212891E+01
  3.4985046E+03  3.1463916E+02
  3.5075820E+03  3.4749146E+02
  3.5166594E+03  1.7634351E+02
  3.5257368E+03  1.3019604E+02
  3.5348145E+03  4.2604932E+02
  3.5438564E+03  2.3290308E+02
  3.5528979E+03  2.1375732E+02
  3.5620469E+03  2.4361035E+02
  3.5710886E+03  2.0846558E+02
  3.5801660E+03  1.8031982E+02
  3.5892439E+03  1.9175049E+01
  3.5983213E+03  3.2003076E+02
  3.6073982E+03  2.3588696E+02
  3.6164402E+03  1.5874292E+02
  3.6255178E+03 -5.2400879E+01
  3.6345593E+03  2.9845703E+02
  3.6436367E+03  1.2931372E+02
  3.6527500E+03 -4.1829102E+01
  3.6617915E+03  1.2302905E+02
  3.6708691E+03  1.7888673E+02
  3.6799468E+03 -1.2225414E+02
  3.6890242E+03  1.6360425E+02
  3.6981016E+03  1.4446338E+02
  3.7071790E+03  3.2932251E+02
  3.7162212E+03  9.8183105E+01
  3.7252625E+03  1.2604419E+02
  3.7343760E+03  1.0890381E+02
  3.7434529E+03  7.8176440E+02
  3.7525308E+03  2.4362549E+02
  3.7616082E+03  4.8848706E+02
  3.7706499E+03  2.4134912E+02
  3.7797273E+03  2.6221069E+02
  3.7888049E+03  2.1107373E+02
  3.7978823E+03  1.6193628E+02
  3.8069597E+03  3.5879907E+02
  3.8160015E+03  2.0663330E+01
  3.8250789E+03  8.5526855E+01
  3.8341562E+03  3.5039087E+02
  3.8432336E+03  7.2254395E+01
  3.8523110E+03  2.5311963E+02
  3.8613533E+03 -4.0144043E+00
  3.8704663E+03  3.5484888E+02
  3.8795081E+03 -8.8284668E+01
  3.8885496E+03  7.1582520E+01
  3.8976628E+03  3.9444800E+02
  3.9067046E+03  2.7831445E+02
  3.9157820E+03  1.2181641E+01
  3.9248596E+03  8.0485840E+00
  3.9339370E+03  3.6891602E+02
  3.9430144E+03  4.8178394E+02
  3.9520920E+03 -1.6034912E+02
  3.9611694E+03 -1.8479980E+01
  3.9702468E+03  2.3388672E+01
  3.9792883E+03  1.9125758E+02
  3.9883657E+03  3.3812671E+02
  3.9974436E+03  1.3999585E+02
  4.0065210E+03  3.6286621E+02
  4.0155984E+03  2.4173657E+02
  4.0246401E+03  1.4360693E+02
  4.0337175E+03  3.8047827E+02
  4.0428308E+03  5.1034863E+02
  4.0518369E+03  5.9222046E+02
  4.0609502E+03  4.0709082E+02
  4.0700276E+03 -5.1037109E+01
  4.0791050E+03  4.0283545E+02
  4.0881467E+03 -9.3291992E+01
  4.0972241E+03  4.9358130E+02
  4.1063018E+03 -1.7854614E+02
  4.1153433E+03  3.9932837E+02
  4.1244565E+03  2.2820142E+02
  4.1334980E+03  1.0107519E+02
  4.1425757E+03  1.0794922E+02
  4.1516533E+03  1.2882373E+02
  4.1607305E+03  2.2269849E+02
  4.1698081E+03  5.4057422E+02
  4.1788501E+03  3.6744922E+02
  4.1879629E+03  3.0532446E+02
  4.1970049E+03  1.3320068E+02
  4.2060820E+03  6.8076904E+01
  4.2151597E+03 -1.1604639E+02
  4.2242017E+03  1.5583057E+02
  4.2333145E+03  3.8170627E+02
  4.2423921E+03  1.2258374E+02
  4.2514336E+03  1.2046192E+02
  4.2605112E+03  5.6339111E+01
  4.2695889E+03  2.3621753E+02
  4.2786660E+03  6.1609546E+02
  4.2877437E+03  3.4597412E+02
  4.2967856E+03  4.5485376E+02
  4.3058628E+03  2.4873267E+02
  4.3149404E+03  3.6461230E+02
  4.3240176E+03  1.9849146E+02
  4.3330952E+03  3.6237183E+02
  4.3421372E+03 -1.6374756E+02
  4.3512500E+03  2.9713208E+02
  4.3602920E+03 -7.9986816E+01
  4.3693335E+03  4.0894775E+01
  4.3784468E+03  3.6977542E+02
  4.3874888E+03  1.1365699E+02
  4.3965659E+03  3.3553906E+02
  4.4056436E+03  1.8642114E+02
  4.4147212E+03  2.0430322E+02
  4.4237983E+03  9.1850586E+00
  4.4328760E+03  2.3706836E+02
  4.4419531E+03  2.6095142E+02
  4.4509951E+03  2.2883522E+02
  4.4600728E+03  3.2271826E+02
  4.4691499E+03 -7.0397705E+01
  4.4782275E+03 -4.6513916E+01
  4.4873052E+03 -3.2629395E+01
  4.4963823E+03 -5.3745117E+01
  4.5054600E+03  3.9813940E+02
  4.5145015E+03 -3.2974854E+01
  4.5236147E+03  2.9390967E+02
  4.5326206E+03  3.0679614E+02
  4.5416982E+03  1.5468188E+02
  4.5507759E+03 -4.7432617E+01
  4.5598892E+03  4.5245386E+02
  4.5689307E+03 -4.8659668E+01
  4.5780083E+03  3.4227051E+01
  4.5870854E+03  4.7811353E+02
  4.5961631E+03  5.2001221E+01
  4.6052407E+03 -1.3611157E+02
  4.6142822E+03  2.7477661E+02
  4.6233599E+03 -2.1833569E+02
  4.6324370E+03  1.1055249E+02
  4.6415146E+03 -2.8559570E+01
  4.6505923E+03  1.9332910E+02
  4.6596338E+03  1.1521851E+02
  4.6687471E+03 -8.8892578E+01
  4.6777886E+03  4.9996582E+01
  4.6869019E+03  2.8388599E+02
  4.6959438E+03  4.7753906E+00
  4.7049854E+03 -1.9334229E+01
  4.7140986E+03  1.8655591E+02
  4.7231401E+03  1.7244606E+02
  4.7322178E+03  1.7633667E+02
  4.7412954E+03  1.6622778E+02
  4.7503726E+03  9.9118889E+01
  4.7594502E+03  2.2701001E+02
  4.7684917E+03  3.0190186E+02
  4.7776050E+03  3.4879324E+02
  4.7866826E+03  1.0684570E+01
  4.7957241E+03  5.1057812E+02
  4.8048018E+03  2.2646997E+02
  4.8138433E+03  9.1836304E+02
  4.8229209E+03  5.8425537E+02
  4.8320342E+03  5.6714819E+02
  4.8410757E+03  3.2704153E+02
  4.8501177E+03  9.9935059E+01
  4.8592310E+03  1.8082837E+02
  4.8683081E+03  5.1722168E+01
  4.8773857E+03  2.0461670E+02
  4.8864272E+03 -2.3048901E+02
  4.8955049E+03  3.4640527E+02
  4.9045825E+03  1.9930005E+02
  4.9136597E+03  3.1819482E+02
  4.9227373E+03  2.1089355E+01
  4.9317788E+03  2.1298511E+02
  4.9408564E+03  2.3988060E+02
  4.9499341E+03  2.0177612E+02
  4.9590112E+03  3.4567236E+02
  4.9680889E+03  2.6656860E+02
  4.9771665E+03  1.9046436E+02
  4.9862437E+03  2.4236060E+02
  4.9952856E+03  1.9225830E+02
  5.0043989E+03  7.8154060E+01
  5.0134048E+03 -9.4947998E+01
  5.0224824E+03  2.8948730E+01
  5.0315596E+03  2.4484668E+02
  5.0406016E+03 -2.1625586E+02
  5.0497144E+03  3.2641846E+01
  5.0588276E+03 -2.9460449E+01
  5.0678696E+03 -1.7156201E+02
  5.0769468E+03  1.0033643E+02
  5.0859888E+03 -6.7764648E+01
  5.0950664E+03  1.2213355E+02
  5.1041436E+03 -2.2967529E+01
  5.1132212E+03  1.6293188E+02
  5.1222983E+03  2.1831297E+01
  5.1313403E+03  6.5730469E+01
  5.1404180E+03  3.1963089E+02
  5.1495308E+03  1.1952930E+02
  5.1585728E+03  3.1142993E+02
  5.1676860E+03  1.1632983E+02
  5.1767275E+03  3.9623022E+02
  5.1857695E+03  1.5913135E+02
  5.1948823E+03  2.9303174E+02
  5.2039243E+03  4.3932861E+01
  5.2130020E+03  1.4383374E+02
  5.2220791E+03  9.0735107E+01
  5.2311567E+03  1.7463647E+02
  5.2402339E+03  4.4753809E+02
  5.2493115E+03  4.8643945E+02
  5.2583892E+03  1.6334058E+02
  5.2674307E+03  5.5624365E+02
  5.2765083E+03  1.1614575E+02
  5.2855859E+03  1.9404785E+02
  5.2946274E+03  2.0295093E+02
  5.3037051E+03  3.0853271E+01
  5.3127822E+03  1.7875685E+02
  5.3218599E+03  1.6596678E+00
  5.3309014E+03 -9.0437012E+01
  5.3400146E+03  2.4846533E+02
  5.3490566E+03 -2.0663039E+02
  5.3581338E+03  8.9272949E+01
  5.3672114E+03 -1.8227538E+00
  5.3762891E+03  1.5408081E+02
  5.3853662E+03 -1.7201489E+02
  5.3944438E+03  8.2889404E+01
  5.4034854E+03 -5.5205814E+01
  5.4125630E+03  2.2169873E+02
  5.4216406E+03  1.8760376E+02
  5.4307178E+03 -8.2491699E+01
  5.4397954E+03 -1.2058691E+02
  5.4488730E+03  4.3181152E+00
  5.4579502E+03  3.6922388E+02
  5.4670278E+03  4.3212863E+02
  5.4760693E+03  4.7103470E+02
  5.4851826E+03  6.2694019E+02
  5.4941885E+03  4.0484668E+02
  5.5033018E+03  7.5752441E+01
  5.5123438E+03  3.0965894E+02
  5.5213853E+03  1.6356519E+02
  5.5305342E+03  4.7119141E-01
  5.5395762E+03 -1.7262183E+02
  5.5486533E+03  3.1128491E+02
  5.5577310E+03 -3.1808105E+01
  5.5667725E+03  6.1098877E+01
  5.5758501E+03 -1.1993896E+01
  5.5849277E+03  1.0691284E+02
  5.5940049E+03 -9.7178711E+01
  5.6030825E+03  2.4972803E+02
  5.6121240E+03  1.9963599E+02
  5.6212373E+03 -4.9456787E+01
  5.6302793E+03  1.3845190E+02
  5.6393564E+03  1.5135938E+02
  5.6484697E+03  2.3267578E+01
  5.6575117E+03 -7.3823730E+01
  5.6665532E+03  4.5008447E+02
  5.6756665E+03  4.4992432E+01
  5.6847080E+03  1.6390210E+02
  5.6937856E+03 -1.0818970E+02
  5.7028276E+03 -2.0028003E+02
  5.7119404E+03  2.6062866E+02
  5.7210181E+03  1.5953784E+02
  5.7300957E+03  2.4470215E+00
  5.7391729E+03  2.3635693E+02
  5.7482148E+03 -6.6733887E+01
  5.7572920E+03 -4.5824219E+01
  5.7663340E+03  2.2308569E+02
  5.7754116E+03  2.3299536E+02
  5.7844888E+03  2.1906006E+01
  5.7935664E+03 -6.2184570E+01
  5.8026436E+03  2.6272632E+02
  5.8117212E+03  3.4635742E+01
  5.8207988E+03  2.2254688E+02
  5.8298403E+03 -5.4296875E-01
  5.8389180E+03 -7.6320801E+00
  5.8479951E+03  1.3427856E+02
  5.8570728E+03  1.5518921E+02
  5.8661504E+03  8.0100090E+01
  5.8752275E+03  1.0001123E+02
  5.8842695E+03  2.4992236E+02
  5.8933472E+03  1.5683374E+02
  5.9024243E+03  5.5274438E+02
  5.9115020E+03  5.8565625E+02
  5.9205791E+03  2.1156787E+02
  5.9296567E+03  1.8147974E+02
  5.9387344E+03  8.1391350E+01
  5.9477759E+03  2.8930322E+02
  5.9568535E+03  1.9421509E+02
  5.9659668E+03  5.7126709E+01
  5.9749727E+03 -9.6959969E+01
  5.9840859E+03 -5.5048584E+01
  5.9931631E+03 -1.1136475E+01
