3780.  6.514620E-16
3782.46102965884  -1.186190E-15
3784.92205931769  1.859560E-16
3787.38308897653  -2.255760E-16
3789.84411863538  1.196080E-16
3792.30514829422  -1.047260E-15
3794.76617795307  -1.675430E-15
3797.22720761191  2.917540E-16
3799.68823727076  4.339190E-16
3802.1492669296  1.063850E-15
3804.61029658845  8.793810E-16
3807.07132624729  4.880380E-16
3809.53235590614  -5.197800E-16
3811.99338556498  -5.851950E-16
3814.45441522383  -2.712680E-16
3816.91544488267  6.113030E-18
3819.37647454152  4.146340E-16
3821.83750420036  1.849550E-15
3824.29853385921  1.164210E-15
3826.75956351805  -2.432640E-16
3829.2205931769  2.581900E-16
3831.68162283574  -4.738400E-16
3834.14265249459  4.669720E-16
3836.60368215343  9.045000E-16
3839.06471181227  1.464280E-15
3841.52574147112  1.985840E-16
3843.98677112996  -1.749610E-16
3846.44780078881  -2.801030E-16
3848.90883044765  -9.762170E-16
3851.3698601065  3.130440E-16
3853.83088976534  -2.615190E-16
3856.29191942419  5.455090E-17
3858.75294908303  -1.535610E-17
3861.21397874188  -7.969620E-17
3863.67500840072  3.623320E-16
3866.13603805957  -2.737930E-16
3868.59706771841  -7.986870E-16
3871.05809737726  -1.839290E-16
3873.5191270361  -6.058230E-16
3875.98015669495  3.558470E-16
3878.44118635379  3.307130E-16
3880.90221601264  -1.041550E-15
3883.36324567148  4.031470E-16
3885.82427533033  8.248690E-16
3888.28530498917  2.248520E-16
3890.74633464802  1.685640E-16
3893.20736430686  2.758980E-16
3895.66839396571  2.221380E-17
3898.12942362455  6.110990E-17
3900.5904532834  1.334820E-16
3903.05148294224  3.618810E-17
3905.51251260108  3.794270E-16
3907.97354225993  3.409630E-16
3910.43457191877  4.581990E-16
3912.89560157762  1.811250E-16
3915.35663123646  -5.325730E-16
3917.81766089531  -7.570530E-16
3920.27869055415  3.460970E-16
3922.739720213  3.711880E-16
3925.20074987184  -1.108470E-16
3927.66177953069  4.398120E-16
3930.12280918953  3.591960E-16
3932.58383884838  -9.161040E-16
3935.04486850722  5.771880E-16
3937.50589816607  -3.329190E-16
3939.96692782491  -4.600830E-16
3942.42795748376  3.370490E-16
3944.8889871426  9.681990E-16
3947.35001680145  -3.244200E-16
3949.81104646029  1.118230E-16
3952.27207611914  -2.559990E-16
3954.73310577798  -1.101530E-16
3957.19413543683  1.629360E-16
3959.65516509567  -1.167080E-16
3962.11619475452  1.880750E-16
3964.57722441336  -2.032870E-16
3967.03825407221  -2.699090E-16
3969.49928373105  1.117400E-16
3971.96031338989  9.370240E-16
3974.42134304874  7.976390E-16
3976.88237270758  5.505640E-16
3979.34340236643  -2.570300E-16
3981.80443202527  -2.717370E-16
3984.26546168412  1.709760E-16
3986.72649134296  -4.074230E-16
3989.18752100181  8.247340E-16
3991.64855066065  8.566800E-16
3994.1095803195  4.779370E-16
3996.57060997834  2.220470E-17
3999.03163963719  4.180290E-16
4001.49266929603  4.628790E-17
4003.95369895488  1.800820E-17
4006.41472861372  6.563530E-17
4008.87575827257  2.342640E-16
4011.33678793141  -2.138980E-16
4013.79781759026  6.575250E-16
4016.2588472491  7.448150E-16
4018.71987690795  -1.251660E-16
4021.18090656679  -1.340740E-16
4023.64193622564  7.716100E-16
4026.10296588448  2.804350E-16
4028.56399554332  8.051500E-16
4031.02502520217  8.116980E-16
4033.48605486102  8.138100E-16
4035.94708451986  4.671850E-16
4038.4081141787  5.602470E-16
4040.86914383755  2.400020E-16
4043.33017349639  3.848060E-16
4045.79120315524  5.747740E-16
4048.25223281408  9.087640E-16
4050.71326247293  4.293830E-16
4053.17429213177  2.562340E-16
4055.63532179062  1.114590E-16
4058.09635144946  4.378160E-16
4060.55738110831  4.558090E-16
4063.01841076715  7.444510E-16
4065.479440426  2.435880E-16
4067.94047008484  9.482070E-16
4070.40149974369  3.373480E-16
4072.86252940253  7.350260E-17
4075.32355906138  2.584330E-16
4077.78458872022  4.069300E-16
4080.24561837907  4.653240E-16
4082.70664803791  6.690890E-16
4085.16767769676  4.624900E-16
4087.6287073556  -2.142560E-16
4090.08973701445  5.113030E-16
4092.55076667329  1.322680E-15
4095.01179633213  9.483960E-16
4097.47282599098  1.405290E-15
4099.93385564983  5.256760E-16
4102.39488530867  8.257980E-16
4104.85591496751  1.260800E-15
4107.31694462636  8.512300E-16
4109.7779742852  1.132700E-15
4112.23900394405  1.208620E-15
4114.70003360289  1.339200E-15
4117.16106326174  5.032580E-16
4119.62209292058  5.726220E-16
4122.08312257943  5.720290E-16
4124.54415223827  8.231570E-16
4127.00518189712  1.634950E-15
4129.46621155596  8.271210E-16
4131.92724121481  3.636800E-16
4134.38827087365  8.310350E-16
4136.8493005325  1.731230E-15
4139.31033019134  1.596490E-15
4141.77135985019  1.228670E-15
4144.23238950903  7.244880E-16
4146.69341916788  1.867790E-15
4149.15444882672  1.000530E-15
4151.61547848556  4.132620E-16
4154.07650814441  5.398980E-16
4156.53753780325  7.730910E-16
4158.9985674621  1.361380E-15
4161.45959712094  1.308760E-15
4163.92062677979  5.390370E-16
4166.38165643863  1.906830E-15
4168.84268609748  1.783060E-15
4171.30371575632  1.108850E-15
4173.76474541517  1.491610E-15
4176.22577507401  1.014270E-15
4178.68680473286  8.653260E-16
4181.1478343917  6.051480E-16
4183.60886405055  1.140990E-15
4186.06989370939  9.801320E-16
4188.53092336824  1.167610E-15
4190.99195302708  1.076850E-15
4193.45298268593  8.291510E-16
4195.91401234477  1.106800E-15
4198.37504200362  9.300790E-16
4200.83607166246  1.193590E-15
4203.29710132131  1.376790E-15
4205.75813098015  1.187820E-15
4208.219160639  9.553940E-16
4210.68019029784  8.820260E-16
4213.14121995669  9.524910E-16
4215.60224961553  1.487460E-15
4218.06327927438  1.057290E-15
4220.52430893322  9.882830E-16
4222.98533859206  4.763930E-16
4225.44636825091  7.496260E-16
4227.90739790975  1.046990E-15
4230.3684275686  1.432280E-15
4232.82945722744  1.358700E-15
4235.29048688629  1.140650E-15
4237.75151654513  7.648900E-16
4240.21254620398  1.386910E-15
4242.67357586282  1.556570E-15
4245.13460552167  1.022090E-15
4247.59563518051  1.261280E-15
4250.05666483936  1.051310E-15
4252.5176944982  1.237650E-15
4254.97872415705  1.189380E-15
4257.43975381589  1.371300E-15
4259.90078347474  1.433840E-15
4262.36181313358  1.263950E-15
4264.82284279243  1.290000E-15
4267.28387245127  1.546360E-15
4269.74490211012  1.614380E-15
4272.20593176896  1.331040E-15
4274.66696142781  9.501280E-16
4277.12799108665  1.452270E-15
4279.58902074549  1.535800E-15
4282.05005040434  1.461920E-15
4284.51108006319  1.436500E-15
4286.97210972203  1.517200E-15
4289.43313938087  1.322690E-15
4291.89416903972  1.579100E-15
4294.35519869856  1.436780E-15
4296.81622835741  1.031310E-15
4299.27725801625  1.558990E-15
4301.7382876751  1.608940E-15
4304.19931733394  1.652530E-15
4306.66034699279  1.431640E-15
4309.12137665163  1.636270E-15
4311.58240631048  1.782600E-15
4314.04343596932  1.175250E-15
4316.50446562817  8.401280E-16
4318.96549528701  1.763940E-15
4321.42652494586  1.330260E-15
4323.8875546047  8.872130E-16
4326.34858426355  1.397490E-15
4328.80961392239  1.538910E-15
4331.27064358124  1.093330E-15
4333.73167324008  1.132550E-15
4336.19270289893  1.466760E-15
4338.65373255777  1.890760E-15
4341.11476221661  1.622090E-15
4343.57579187546  1.887580E-15
4346.03682153431  1.675250E-15
4348.49785119315  1.512880E-15
4350.95888085199  1.671210E-15
4353.41991051084  1.657420E-15
4355.88094016968  1.582430E-15
4358.34196982853  1.759370E-15
4360.80299948737  1.742620E-15
4363.26402914622  1.771310E-15
4365.72505880506  1.881440E-15
4368.18608846391  1.830730E-15
4370.64711812275  1.854160E-15
4373.1081477816  2.116570E-15
4375.56917744044  1.866870E-15
4378.03020709929  2.135270E-15
4380.49123675813  2.051640E-15
4382.95226641698  1.933460E-15
4385.41329607582  1.808080E-15
4387.87432573467  1.724370E-15
4390.33535539351  2.016160E-15
4392.79638505236  2.210270E-15
4395.2574147112  2.561940E-15
4397.71844437005  2.238110E-15
4400.17947402889  1.970300E-15
4402.64050368773  1.812020E-15
4405.10153334658  1.696700E-15
4407.56256300543  1.835430E-15
4410.02359266427  1.624600E-15
4412.48462232312  1.495400E-15
4414.94565198196  1.713230E-15
4417.4066816408  1.652890E-15
4419.86771129965  1.424920E-15
4422.32874095849  2.009790E-15
4424.78977061734  1.822770E-15
4427.25080027618  2.184830E-15
4429.71182993503  1.498410E-15
4432.17285959387  1.748820E-15
4434.63388925272  1.855230E-15
4437.09491891156  1.836630E-15
4439.55594857041  2.052780E-15
4442.01697822925  1.865710E-15
4444.4780078881  1.571480E-15
4446.93903754694  1.927230E-15
4449.40006720579  2.043370E-15
4451.86109686463  1.826910E-15
4454.32212652348  1.452660E-15
4456.78315618232  1.868430E-15
4459.24418584117  1.798040E-15
4461.70521550001  1.947730E-15
4464.16624515886  2.367610E-15
4466.6272748177  2.212630E-15
4469.08830447654  1.954410E-15
4471.54933413539  1.755860E-15
4474.01036379423  2.290830E-15
4476.47139345308  2.459350E-15
4478.93242311192  1.779020E-15
4481.39345277077  1.840800E-15
4483.85448242961  2.187860E-15
4486.31551208846  1.853710E-15
4488.7765417473  1.698080E-15
4491.23757140615  1.658930E-15
4493.69860106499  1.735020E-15
4496.15963072384  1.628600E-15
4498.62066038268  1.651490E-15
4501.08169004153  1.799200E-15
4503.54271970037  2.075300E-15
4506.00374935922  2.272940E-15
4508.46477901806  2.176620E-15
4510.92580867691  1.885610E-15
4513.38683833575  1.769860E-15
4515.8478679946  2.218910E-15
4518.30889765344  2.021250E-15
4520.76992731229  1.699310E-15
4523.23095697113  2.141150E-15
4525.69198662997  2.255110E-15
4528.15301628882  1.881970E-15
4530.61404594767  1.714200E-15
4533.07507560651  2.213490E-15
4535.53610526535  2.366490E-15
4537.9971349242  2.342020E-15
4540.45816458304  2.061000E-15
4542.91919424189  1.936460E-15
4545.38022390073  2.166480E-15
4547.84125355958  1.888360E-15
4550.30228321842  2.243620E-15
4552.76331287727  1.862990E-15
4555.22434253611  1.747480E-15
4557.68537219496  1.870900E-15
4560.1464018538  2.125810E-15
4562.60743151265  2.161360E-15
4565.06846117149  1.757440E-15
4567.52949083034  1.637030E-15
4569.99052048918  1.989910E-15
4572.45155014803  1.975400E-15
4574.91257980687  2.008300E-15
4577.37360946572  2.298120E-15
4579.83463912456  1.971070E-15
4582.29566878341  1.888500E-15
4584.75669844225  2.021990E-15
4587.2177281011  2.183530E-15
4589.67875775994  1.798940E-15
4592.13978741879  1.738700E-15
4594.60081707763  1.876420E-15
4597.06184673648  1.927710E-15
4599.52287639532  1.849120E-15
4601.98390605416  1.884570E-15
4604.44493571301  1.861430E-15
4606.90596537185  1.876750E-15
4609.3669950307  1.976150E-15
4611.82802468954  1.994990E-15
4614.28905434839  2.190570E-15
4616.75008400723  1.974960E-15
4619.21111366608  1.964010E-15
4621.67214332492  2.032600E-15
4624.13317298377  1.737490E-15
4626.59420264261  1.748070E-15
4629.05523230146  1.832050E-15
4631.5162619603  1.865320E-15
4633.97729161915  2.034120E-15
4636.43832127799  1.948920E-15
4638.89935093684  1.716650E-15
4641.36038059568  1.854700E-15
4643.82141025453  1.807080E-15
4646.28243991337  1.964010E-15
4648.74346957221  1.821310E-15
4651.20449923106  1.733520E-15
4653.66552888991  1.801140E-15
4656.12655854875  1.567540E-15
4658.5875882076  1.829160E-15
4661.04861786644  1.772220E-15
4663.50964752528  2.118890E-15
4665.97067718413  2.046610E-15
4668.43170684297  2.110400E-15
4670.89273650182  1.902800E-15
4673.35376616066  1.709270E-15
4675.81479581951  2.118470E-15
4678.27582547835  1.921150E-15
4680.7368551372  1.970260E-15
4683.19788479604  1.877230E-15
4685.65891445489  1.872500E-15
4688.11994411373  1.625960E-15
4690.58097377258  1.945870E-15
4693.04200343142  2.023230E-15
4695.50303309027  1.702230E-15
4697.96406274911  2.024550E-15
4700.42509240796  2.123550E-15
4702.8861220668  1.904510E-15
4705.34715172565  1.927070E-15
4707.80818138449  2.046350E-15
4710.26921104334  1.896190E-15
4712.73024070218  1.847810E-15
4715.19127036103  2.027160E-15
4717.65230001987  2.584540E-15
4720.11332967872  2.269360E-15
4722.57435933756  2.170820E-15
4725.0353889964  1.936900E-15
4727.49641865525  1.742700E-15
4729.95744831409  2.096410E-15
4732.41847797294  1.848010E-15
4734.87950763178  1.629690E-15
4737.34053729063  1.775990E-15
4739.80156694947  1.742230E-15
4742.26259660832  1.715800E-15
4744.72362626716  2.002300E-15
4747.18465592601  2.153350E-15
4749.64568558485  2.134380E-15
4752.1067152437  1.734590E-15
4754.56774490254  1.863960E-15
4757.02877456139  1.849210E-15
4759.48980422023  1.656850E-15
4761.95083387908  1.662270E-15
4764.41186353792  1.757640E-15
4766.87289319677  1.952260E-15
4769.33392285561  1.836250E-15
4771.79495251446  1.595350E-15
4774.2559821733  1.791870E-15
4776.71701183215  1.873570E-15
4779.17804149099  1.725940E-15
4781.63907114984  2.119100E-15
4784.10010080868  2.014230E-15
4786.56113046752  1.926570E-15
4789.02216012637  1.774860E-15
4791.48318978521  1.904950E-15
4793.94421944406  1.923150E-15
4796.4052491029  1.957880E-15
4798.86627876175  1.900880E-15
4801.32730842059  1.989140E-15
4803.78833807944  1.952570E-15
4806.24936773828  1.650870E-15
4808.71039739713  1.847070E-15
4811.17142705597  1.797700E-15
4813.63245671482  1.821440E-15
4816.09348637366  1.940110E-15
4818.55451603251  1.762380E-15
4821.01554569135  1.833170E-15
4823.4765753502  1.717460E-15
4825.93760500904  1.788500E-15
4828.39863466789  1.742130E-15
4830.85966432673  2.020310E-15
4833.32069398558  1.872580E-15
4835.78172364442  1.863310E-15
4838.24275330327  2.137220E-15
4840.70378296211  1.862160E-15
4843.16481262095  2.066020E-15
4845.6258422798  2.012810E-15
4848.08687193864  2.163220E-15
4850.54790159749  1.985660E-15
4853.00893125633  1.658150E-15
4855.46996091518  1.875440E-15
4857.93099057402  1.823890E-15
4860.39202023287  1.813070E-15
4862.85304989171  1.686410E-15
4865.31407955056  1.622240E-15
4867.7751092094  1.931090E-15
4870.23613886825  2.115630E-15
4872.69716852709  2.208270E-15
4875.15819818594  2.106910E-15
4877.61922784478  2.150380E-15
4880.08025750363  2.344340E-15
4882.54128716247  1.932410E-15
4885.00231682132  2.148630E-15
4887.46334648016  2.541560E-15
4889.92437613901  2.220000E-15
4892.38540579785  2.506880E-15
4894.8464354567  3.366370E-15
4897.30746511554  3.408070E-15
4899.76849477439  2.562630E-15
4902.22952443323  2.082430E-15
4904.69055409208  2.246790E-15
4907.15158375092  2.157070E-15
4909.61261340977  2.014600E-15
4912.07364306861  1.635910E-15
4914.53467272745  1.962410E-15
4916.9957023863  2.413290E-15
4919.45673204514  2.032000E-15
4921.91776170399  2.021870E-15
4924.37879136283  2.090900E-15
4926.83982102168  2.012880E-15
4929.30085068052  2.037020E-15
4931.76188033937  1.979700E-15
4934.22290999821  1.960380E-15
4936.68393965706  2.018060E-15
4939.1449693159  1.979840E-15
4941.60599897475  1.958750E-15
4944.06702863359  2.034390E-15
4946.52805829244  1.937580E-15
4948.98908795128  1.915010E-15
4951.45011761013  2.078170E-15
4953.91114726897  2.101220E-15
4956.37217692782  2.226280E-15
4958.83320658666  2.261860E-15
4961.29423624551  2.101780E-15
4963.75526590435  1.812730E-15
4966.2162955632  1.981440E-15
4968.67732522204  1.888700E-15
4971.13835488088  1.723280E-15
4973.59938453973  1.769350E-15
4976.06041419858  2.070510E-15
4978.52144385742  1.830230E-15
4980.98247351626  2.103810E-15
4983.44350317511  2.092430E-15
4985.90453283395  1.859250E-15
4988.3655624928  1.752160E-15
4990.82659215164  1.901930E-15
4993.28762181049  2.434420E-15
4995.74865146933  2.197630E-15
4998.20968112818  1.832530E-15
5000.67071078702  1.882040E-15
5003.13174044587  1.761990E-15
5005.59277010471  1.641750E-15
5008.05379976356  1.990870E-15
5010.5148294224  2.184080E-15
5012.97585908125  1.858540E-15
5015.43688874009  1.704400E-15
5017.89791839894  1.767450E-15
5020.35894805778  1.779220E-15
5022.81997771663  1.774450E-15
5025.28100737547  1.543220E-15
5027.74203703432  1.749470E-15
5030.20306669316  1.675310E-15
5032.66409635201  1.694420E-15
5035.12512601085  2.006070E-15
5037.5861556697  1.992720E-15
5040.04718532854  2.849200E-15
5042.50821498739  3.622450E-15
5044.96924464623  2.761990E-15
5047.43027430507  2.070630E-15
5049.89130396392  2.128510E-15
5052.35233362276  1.834910E-15
5054.81336328161  1.862420E-15
5057.27439294045  1.870360E-15
5059.7354225993  2.026960E-15
5062.19645225814  2.082950E-15
5064.65748191699  2.214940E-15
5067.11851157583  1.969540E-15
5069.57954123468  2.064290E-15
5072.04057089352  1.925390E-15
5074.50160055237  2.052790E-15
5076.96263021121  2.077980E-15
5079.42365987006  1.962040E-15
5081.8846895289  2.127110E-15
5084.34571918775  1.807410E-15
5086.80674884659  1.860400E-15
5089.26777850544  1.696640E-15
5091.72880816428  1.799980E-15
5094.18983782313  1.940640E-15
5096.65086748197  1.873370E-15
5099.11189714081  1.867460E-15
5101.57292679966  1.920480E-15
5104.0339564585  1.869190E-15
5106.49498611735  1.911820E-15
5108.95601577619  1.910190E-15
5111.41704543504  1.845500E-15
5113.87807509388  1.827130E-15
5116.33910475273  1.690250E-15
5118.80013441157  1.789670E-15
5121.26116407042  1.846050E-15
5123.72219372926  1.901070E-15
5126.18322338811  1.933100E-15
5128.64425304695  1.880260E-15
5131.1052827058  1.681700E-15
5133.56631236464  1.844260E-15
5136.02734202349  1.877810E-15
5138.48837168233  1.862260E-15
5140.94940134118  2.087450E-15
5143.41043100002  2.034450E-15
5145.87146065887  1.876160E-15
5148.33249031771  1.899370E-15
5150.79351997656  1.984310E-15
5153.2545496354  1.809810E-15
5155.71557929424  1.744010E-15
5158.17660895309  1.811710E-15
5160.63763861194  1.878990E-15
5163.09866827078  1.553400E-15
5165.55969792963  1.818250E-15
5168.02072758847  2.036120E-15
5170.48175724731  1.951810E-15
5172.94278690616  1.764610E-15
5175.403816565  1.721830E-15
5177.86484622385  1.954480E-15
5180.32587588269  1.860420E-15
5182.78690554154  2.030860E-15
5185.24793520038  1.909260E-15
5187.70896485923  1.888630E-15
5190.16999451807  1.785970E-15
5192.63102417692  2.028010E-15
5195.09205383576  2.129470E-15
5197.55308349461  2.096850E-15
5200.01411315345  2.155040E-15
5202.4751428123  1.900960E-15
5204.93617247114  1.921860E-15
5207.39720212999  1.668440E-15
5209.85823178883  1.748660E-15
5212.31926144768  1.751930E-15
5214.78029110652  1.744930E-15
5217.24132076537  1.902700E-15
5219.70235042421  1.877130E-15
5222.16338008306  1.645580E-15
5224.6244097419  1.705540E-15
5227.08543940075  1.932440E-15
5229.54646905959  1.946170E-15
5232.00749871843  1.898180E-15
5234.46852837728  1.507230E-15
5236.92955803612  1.580210E-15
5239.39058769497  1.875430E-15
5241.85161735382  1.980570E-15
5244.31264701266  1.894350E-15
5246.7736766715  1.851550E-15
5249.23470633035  1.623920E-15
5251.69573598919  1.859070E-15
5254.15676564804  1.880540E-15
5256.61779530688  1.751930E-15
5259.07882496573  1.899560E-15
5261.53985462457  1.731950E-15
5264.00088428342  1.819440E-15
5266.46191394226  1.865060E-15
5268.92294360111  2.212170E-15
5271.38397325995  2.075880E-15
5273.84500291879  1.834760E-15
5276.30603257764  1.253370E-15
5278.76706223649  1.601270E-15
5281.22809189533  2.153700E-15
5283.68912155417  1.859360E-15
5286.15015121302  1.828160E-15
5288.61118087187  1.895440E-15
5291.07221053071  2.033340E-15
5293.53324018955  1.979280E-15
5295.9942698484  1.870050E-15
5298.45529950724  1.801530E-15
5300.91632916609  1.661670E-15
5303.37735882493  1.919200E-15
5305.83838848378  1.917680E-15
5308.29941814262  1.750340E-15
5310.76044780147  1.894560E-15
5313.22147746031  2.091970E-15
5315.68250711916  1.893500E-15
5318.143536778  1.982380E-15
5320.60456643685  2.001420E-15
5323.06559609569  1.980460E-15
5325.52662575454  2.037140E-15
5327.98765541338  1.868820E-15
5330.44868507223  1.873210E-15
5332.90971473107  2.101530E-15
5335.37074438992  1.812380E-15
5337.83177404876  1.879760E-15
5340.29280370761  1.756580E-15
5342.75383336645  1.920200E-15
5345.2148630253  1.994080E-15
5347.67589268414  2.141510E-15
5350.13692234299  1.968840E-15
5352.59795200183  2.132350E-15
5355.05898166067  1.828310E-15
5357.52001131952  1.842740E-15
5359.98104097837  1.901730E-15
5362.44207063721  2.079910E-15
5364.90310029605  1.891880E-15
5367.3641299549  1.849360E-15
5369.82515961374  1.953990E-15
5372.28618927259  1.969330E-15
5374.74721893143  1.980530E-15
5377.20824859028  1.770750E-15
5379.66927824912  1.894270E-15
5382.13030790797  1.845660E-15
5384.59133756681  1.912640E-15
5387.05236722566  1.952840E-15
5389.5133968845  1.877270E-15
5391.97442654335  1.746100E-15
5394.43545620219  1.760300E-15
5396.89648586104  1.972680E-15
5399.35751551988  2.027430E-15
5401.81854517873  1.990940E-15
5404.27957483757  1.942350E-15
5406.74060449642  1.811890E-15
5409.20163415526  2.024060E-15
5411.6626638141  2.118030E-15
5414.12369347295  1.857900E-15
5416.5847231318  1.839850E-15
5419.04575279064  1.970750E-15
5421.50678244948  2.132470E-15
5423.96781210833  1.602200E-15
5426.42884176717  1.558380E-15
5428.88987142602  1.695220E-15
5431.35090108486  1.684350E-15
5433.81193074371  1.736250E-15
5436.27296040255  1.611610E-15
5438.7339900614  1.816970E-15
5441.19501972024  1.816180E-15
5443.65604937909  1.692220E-15
5446.11707903793  1.935550E-15
5448.57810869678  1.932670E-15
5451.03913835562  1.919110E-15
5453.50016801447  1.723920E-15
5455.96119767331  1.859530E-15
5458.42222733216  1.739940E-15
5460.883256991  1.987880E-15
5463.34428664985  1.977500E-15
5465.80531630869  1.754850E-15
5468.26634596753  1.826280E-15
5470.72737562638  1.863390E-15
5473.18840528523  1.817970E-15
5475.64943494407  1.961540E-15
5478.11046460291  1.850180E-15
5480.57149426176  1.951930E-15
5483.0325239206  1.917290E-15
5485.49355357945  1.716590E-15
5487.95458323829  1.956110E-15
5490.41561289714  1.967740E-15
5492.87664255598  2.002750E-15
5495.33767221483  2.046190E-15
5497.79870187367  1.801800E-15
5500.25973153252  1.824080E-15
5502.72076119136  1.918700E-15
5505.18179085021  1.952310E-15
5507.64282050905  1.867400E-15
5510.1038501679  1.817570E-15
5512.56487982674  1.750670E-15
5515.02590948559  1.752260E-15
5517.48693914443  1.717860E-15
5519.94796880328  1.768090E-15
5522.40899846212  1.973470E-15
5524.87002812097  1.911280E-15
5527.33105777981  2.078300E-15
5529.79208743866  1.899770E-15
5532.2531170975  1.858300E-15
5534.71414675635  1.948540E-15
5537.17517641519  1.790710E-15
5539.63620607404  1.897090E-15
5542.09723573288  1.680840E-15
5544.55826539172  1.779620E-15
5547.01929505057  1.800190E-15
5549.48032470941  1.734800E-15
5551.94135436826  1.747520E-15
5554.4023840271  1.886710E-15
5556.86341368595  1.895140E-15
5559.32444334479  1.813820E-15
5561.78547300364  1.767830E-15
5564.24650266248  1.755770E-15
5566.70753232133  1.608490E-15
5569.16856198017  1.746150E-15
5571.62959163902  1.698560E-15
5574.09062129786  1.746700E-15
5576.55165095671  2.035260E-15
5579.01268061555  1.806700E-15
5581.4737102744  1.710810E-15
5583.93473993324  1.650600E-15
5586.39576959209  1.583260E-15
5588.85679925093  1.606680E-15
5591.31782890978  1.654100E-15
5593.77885856862  1.517220E-15
5596.23988822746  1.538530E-15
5598.70091788631  1.579000E-15
5601.16194754515  1.685520E-15
5603.622977204  1.705980E-15
5606.08400686285  1.754200E-15
5608.54503652169  1.785120E-15
5611.00606618053  1.767060E-15
5613.46709583938  1.670630E-15
5615.92812549822  1.880540E-15
5618.38915515707  1.721140E-15
5620.85018481591  1.674560E-15
5623.31121447476  1.596330E-15
5625.7722441336  1.575940E-15
5628.23327379245  1.562650E-15
5630.69430345129  1.457470E-15
5633.15533311014  1.761750E-15
5635.61636276898  1.648180E-15
5638.07739242783  1.561850E-15
5640.53842208667  1.476820E-15
5642.99945174552  1.713110E-15
5645.46048140436  1.567290E-15
5647.92151106321  1.642230E-15
5650.38254072205  1.725310E-15
5652.8435703809  1.862800E-15
5655.30460003974  1.630000E-15
5657.76562969859  1.724190E-15
5660.22665935743  1.670850E-15
5662.68768901628  1.669570E-15
5665.14871867512  1.737320E-15
5667.60974833396  1.732470E-15
5670.07077799281  1.842180E-15
5672.53180765165  1.877280E-15
5674.9928373105  1.683400E-15
5677.45386696934  1.701060E-15
5679.91489662819  1.674620E-15
5682.37592628704  1.710440E-15
5684.83695594588  1.634980E-15
5687.29798560472  1.693620E-15
5689.75901526357  1.664120E-15
5692.22004492241  1.902430E-15
5694.68107458126  1.767910E-15
5697.1421042401  1.718650E-15
5699.60313389895  1.664500E-15
5702.06416355779  1.796290E-15
5704.52519321664  1.569070E-15
5706.98622287548  1.513350E-15
5709.44725253433  1.637910E-15
5711.90828219317  1.679030E-15
5714.36931185202  1.608510E-15
5716.83034151086  1.589840E-15
5719.29137116971  1.918430E-15
5721.75240082855  1.619630E-15
5724.21343048739  1.701120E-15
5726.67446014624  1.660230E-15
5729.13548980508  1.745550E-15
5731.59651946393  1.434710E-15
5734.05754912277  1.611850E-15
5736.51857878162  1.731030E-15
5738.97960844047  1.696810E-15
5741.44063809931  1.505270E-15
5743.90166775815  1.462430E-15
5746.362697417  1.451090E-15
5748.82372707584  1.529420E-15
5751.28475673469  1.543440E-15
5753.74578639353  1.545310E-15
5756.20681605238  1.527050E-15
5758.66784571122  1.749020E-15
5761.12887537007  1.648060E-15
5763.58990502891  1.624830E-15
5766.05093468776  1.591500E-15
5768.5119643466  1.511880E-15
5770.97299400545  1.509020E-15
5773.43402366429  1.547400E-15
5775.89505332314  1.554800E-15
5778.35608298198  1.650570E-15
5780.81711264083  1.658510E-15
5783.27814229967  1.683310E-15
5785.73917195852  1.557350E-15
5788.20020161736  1.539230E-15
5790.66123127621  1.572020E-15
5793.12226093505  1.891940E-15
5795.58329059389  1.922410E-15
5798.04432025274  1.538830E-15
5800.50534991158  1.583840E-15
5802.96637957043  1.509550E-15
5805.42740922927  1.819820E-15
5807.88843888812  1.567220E-15
5810.34946854696  1.493100E-15
5812.81049820581  1.556680E-15
5815.27152786465  1.676880E-15
5817.7325575235  1.798860E-15
5820.19358718234  1.742440E-15
5822.65461684119  1.574960E-15
5825.11564650003  1.582210E-15
5827.57667615888  1.611040E-15
5830.03770581772  1.754690E-15
5832.49873547657  1.674270E-15
5834.95976513541  1.751010E-15
5837.42079479426  1.644440E-15
5839.8818244531  1.867980E-15
5842.34285411195  1.736900E-15
5844.80388377079  1.928600E-15
5847.26491342964  1.567020E-15
5849.72594308848  1.781830E-15
5852.18697274732  1.815140E-15
5854.64800240617  1.699190E-15
5857.10903206502  1.770180E-15
5859.57006172386  1.921030E-15
5862.0310913827  1.914560E-15
5864.49212104155  1.811220E-15
5866.9531507004  1.586350E-15
5869.41418035924  1.726540E-15
5871.87521001808  1.714990E-15
5874.33623967693  1.710040E-15
5876.79726933577  1.563510E-15
5879.25829899462  1.610520E-15
5881.71932865346  1.746530E-15
5884.18035831231  1.902090E-15
5886.64138797115  1.815870E-15
5889.10241763  1.697700E-15
5891.56344728884  1.556190E-15
5894.02447694769  1.655610E-15
5896.48550660653  1.838840E-15
5898.94653626538  1.764000E-15
5901.40756592422  1.696820E-15
5903.86859558307  1.811920E-15
5906.32962524191  1.908010E-15
5908.79065490076  1.930930E-15
5911.2516845596  1.982740E-15
5913.71271421845  2.178170E-15
5916.17374387729  2.438860E-15
5918.63477353613  2.401470E-15
5921.09580319498  2.101640E-15
5923.55683285382  2.037790E-15
5926.01786251267  1.777710E-15
5928.47889217151  1.604520E-15
5930.93992183036  1.837290E-15
5933.4009514892  1.733740E-15
5935.86198114805  1.482570E-15
5938.32301080689  1.587300E-15
5940.78404046574  1.535010E-15
5943.24507012458  1.705120E-15
5945.70609978343  1.770210E-15
5948.16712944227  1.621170E-15
5950.62815910112  1.755850E-15
5953.08918875996  1.759550E-15
5955.55021841881  1.871510E-15
5958.01124807765  1.911940E-15
5960.4722777365  1.767760E-15
5962.93330739534  1.797150E-15
5965.39433705419  1.844120E-15
5967.85536671303  1.604090E-15
5970.31639637188  1.631970E-15
5972.77742603072  1.953960E-15
5975.23845568957  1.698270E-15
5977.69948534841  1.660570E-15
5980.16051500725  1.901580E-15
5982.6215446661  1.652170E-15
5985.08257432495  1.649800E-15
5987.54360398379  1.772660E-15
5990.00463364263  1.657400E-15
5992.46566330148  1.828710E-15
5994.92669296032  1.800460E-15
5997.38772261917  1.811710E-15
5999.84875227801  1.690370E-15
6002.30978193686  1.957680E-15
6004.7708115957  1.854340E-15
6007.23184125455  1.699510E-15
6009.69287091339  1.699560E-15
6012.15390057224  1.819270E-15
6014.61493023108  1.684700E-15
6017.07595988993  1.911100E-15
6019.53698954877  1.725360E-15
6021.99801920762  1.626990E-15
6024.45904886646  1.793460E-15
6026.92007852531  1.987630E-15
6029.38110818415  1.906330E-15
6031.842137843  2.086370E-15
6034.30316750184  1.911760E-15
6036.76419716069  1.726800E-15
6039.22522681953  1.765400E-15
6041.68625647838  1.736100E-15
6044.14728613722  1.768430E-15
6046.60831579606  1.794760E-15
6049.06934545491  1.739240E-15
6051.53037511375  1.648020E-15
6053.9914047726  1.507550E-15
6056.45243443144  1.647000E-15
6058.91346409029  1.726210E-15
6061.37449374913  1.604160E-15
6063.83552340798  1.813220E-15
6066.29655306682  1.746990E-15
6068.75758272567  1.717700E-15
6071.21861238451  1.750710E-15
6073.67964204336  1.679030E-15
6076.1406717022  1.814160E-15
6078.60170136105  1.911680E-15
6081.06273101989  1.619440E-15
6083.52376067874  1.663970E-15
6085.98479033758  1.767220E-15
6088.44581999642  1.707200E-15
6090.90684965527  1.571840E-15
6093.36787931412  1.676840E-15
6095.82890897296  1.664050E-15
6098.2899386318  1.649310E-15
6100.75096829065  1.653130E-15
6103.2119979495  1.613220E-15
6105.67302760834  1.773830E-15
6108.13405726719  1.739130E-15
6110.59508692603  1.791310E-15
6113.05611658487  1.858460E-15
6115.51714624372  1.931580E-15
6117.97817590256  1.564500E-15
6120.43920556141  1.455000E-15
6122.90023522025  1.660890E-15
6125.3612648791  1.913160E-15
6127.82229453794  2.014940E-15
6130.28332419679  2.000870E-15
6132.74435385563  2.108040E-15
6135.20538351448  1.725920E-15
6137.66641317332  1.480120E-15
6140.12744283217  1.455450E-15
6142.58847249101  1.582040E-15
6145.04950214986  1.543480E-15
6147.5105318087  1.643830E-15
6149.97156146755  1.623750E-15
6152.43259112639  1.433740E-15
6154.89362078524  1.438340E-15
6157.35465044408  1.491790E-15
6159.81568010293  1.539610E-15
6162.27670976177  1.744400E-15
6164.73773942061  1.553050E-15
6167.19876907946  1.502340E-15
6169.65979873831  1.620040E-15
6172.12082839715  1.720610E-15
6174.58185805599  1.380640E-15
6177.04288771484  1.461430E-15
6179.50391737369  1.595480E-15
6181.96494703253  1.756220E-15
6184.42597669137  1.676370E-15
6186.88700635022  1.366100E-15
6189.34803600906  1.575540E-15
6191.80906566791  1.580540E-15
6194.27009532675  1.459310E-15
6196.7311249856  1.551650E-15
6199.19215464444  1.592560E-15
6201.65318430329  1.478250E-15
6204.11421396213  1.474820E-15
6206.57524362098  1.477800E-15
6209.03627327982  1.611120E-15
6211.49730293867  1.651310E-15
6213.95833259751  1.391400E-15
6216.41936225636  1.394560E-15
6218.8803919152  1.247020E-15
6221.34142157405  1.263400E-15
6223.80245123289  1.526450E-15
6226.26348089174  1.521700E-15
6228.72451055058  1.508910E-15
6231.18554020942  1.430990E-15
6233.64656986827  1.341380E-15
6236.10759952712  1.665990E-15
6238.56862918596  1.418120E-15
6241.0296588448  1.460860E-15
6243.49068850365  1.474250E-15
6245.95171816249  1.209100E-15
6248.41274782134  1.363340E-15
6250.87377748018  1.478980E-15
6253.33480713903  1.377750E-15
6255.79583679787  1.404070E-15
6258.25686645672  1.414510E-15
6260.71789611556  1.548780E-15
6263.17892577441  1.684640E-15
6265.63995543325  1.736300E-15
6268.1009850921  1.547390E-15
6270.56201475094  1.341580E-15
6273.02304440979  1.525610E-15
6275.48407406863  1.427520E-15
6277.94510372748  1.371290E-15
6280.40613338632  1.554190E-15
6282.86716304516  1.491280E-15
6285.32819270401  1.569560E-15
6287.78922236286  1.644210E-15
6290.2502520217  1.500010E-15
6292.71128168054  1.413190E-15
6295.17231133939  1.211040E-15
6297.63334099823  1.543250E-15
6300.09437065708  1.391260E-15
6302.55540031592  1.324930E-15
6305.01642997477  1.402180E-15
6307.47745963361  1.482290E-15
6309.93848929246  1.324960E-15
6312.3995189513  1.395210E-15
6314.86054861015  1.356710E-15
6317.32157826899  1.461180E-15
6319.78260792784  1.331460E-15
6322.24363758668  1.307510E-15
6324.70466724553  1.334070E-15
6327.16569690437  1.292720E-15
6329.62672656322  1.686270E-15
6332.08775622206  1.508010E-15
6334.54878588091  1.445820E-15
6337.00981553975  1.497510E-15
6339.4708451986  1.414490E-15
6341.93187485744  1.592810E-15
6344.39290451629  1.529560E-15
6346.85393417513  1.457370E-15
6349.31496383397  1.584700E-15
6351.77599349282  1.321640E-15
6354.23702315167  1.157900E-15
6356.69805281051  1.591190E-15
6359.15908246936  1.652450E-15
6361.6201121282  1.567650E-15
6364.08114178704  1.511150E-15
6366.54217144589  1.697160E-15
6369.00320110473  1.621980E-15
6371.46423076358  1.812680E-15
6373.92526042242  1.605850E-15
6376.38629008127  1.460740E-15
6378.84731974011  1.515930E-15
6381.30834939896  1.634790E-15
6383.7693790578  1.647080E-15
6386.23040871665  1.636200E-15
6388.69143837549  1.778250E-15
6391.15246803434  1.642210E-15
6393.61349769318  1.517250E-15
6396.07452735203  1.600520E-15
6398.53555701087  1.634140E-15
6400.99658666972  1.774050E-15
6403.45761632856  1.477180E-15
6405.91864598741  1.595200E-15
6408.37967564625  1.599760E-15
6410.8407053051  1.585140E-15
6413.30173496394  1.701430E-15
6415.76276462278  1.716900E-15
6418.22379428163  1.866620E-15
6420.68482394047  1.908060E-15
6423.14585359932  1.637920E-15
6425.60688325816  1.681840E-15
6428.06791291701  1.663890E-15
6430.52894257585  1.732800E-15
6432.9899722347  1.436210E-15
6435.45100189354  1.577450E-15
6437.91203155239  1.843950E-15
6440.37306121123  1.700180E-15
6442.83409087008  1.608410E-15
6445.29512052892  1.693410E-15
6447.75615018777  1.871760E-15
6450.21717984661  1.978410E-15
6452.67820950546  1.710870E-15
6455.1392391643  1.619320E-15
6457.60026882315  1.660540E-15
6460.06129848199  1.924920E-15
6462.52232814084  1.867710E-15
6464.98335779968  1.685280E-15
6467.44438745853  1.841460E-15
6469.90541711737  1.901830E-15
6472.36644677622  1.705160E-15
6474.82747643506  1.774100E-15
6477.2885060939  1.812180E-15
6479.74953575275  1.951200E-15
6482.2105654116  1.759400E-15
6484.67159507044  1.863370E-15
6487.13262472928  1.935490E-15
6489.59365438813  1.926920E-15
6492.05468404697  1.953220E-15
6494.51571370582  1.865700E-15
6496.97674336466  1.977070E-15
6499.43777302351  2.008600E-15
6501.89880268235  1.925610E-15
6504.3598323412  1.895570E-15
6506.82086200004  1.934430E-15
6509.28189165889  1.695720E-15
6511.74292131773  1.727550E-15
6514.20395097658  1.765860E-15
6516.66498063542  1.910660E-15
6519.12601029427  1.866260E-15
6521.58703995311  1.682460E-15
6524.04806961196  2.071720E-15
6526.5090992708  2.013820E-15
6528.97012892965  1.911980E-15
6531.43115858849  1.905530E-15
6533.89218824734  2.040490E-15
6536.35321790618  2.041880E-15
6538.81424756503  1.905660E-15
6541.27527722387  2.002850E-15
6543.73630688271  1.946880E-15
6546.19733654156  1.987740E-15
6548.65836620041  1.782120E-15
6551.11939585925  1.815110E-15
6553.58042551809  2.055900E-15
6556.04145517694  1.968660E-15
6558.50248483578  1.977620E-15
6560.96351449463  2.104650E-15
6563.42454415347  2.095180E-15
6565.88557381232  2.051530E-15
6568.34660347116  2.014260E-15
6570.80763313001  2.023880E-15
6573.26866278885  2.040290E-15
6575.7296924477  2.202820E-15
6578.19072210654  2.086010E-15
6580.65175176539  2.057140E-15
6583.11278142423  2.208010E-15
6585.57381108308  2.063330E-15
6588.03484074192  2.189680E-15
6590.49587040077  2.227230E-15
6592.95690005961  2.289420E-15
6595.41792971845  2.276800E-15
6597.8789593773  2.377130E-15
6600.33998903615  2.413590E-15
6602.80101869499  3.168000E-15
6605.26204835383  5.338020E-15
6607.72307801268  8.436040E-15
6610.18410767152  7.726560E-15
6612.64513733037  5.244600E-15
6615.10616698921  3.233590E-15
6617.56719664806  2.556650E-15
6620.0282263069  2.278420E-15
6622.48925596575  2.219220E-15
6624.95028562459  2.016390E-15
6627.41131528344  2.153620E-15
6629.87234494228  1.936610E-15
6632.33337460113  1.685300E-15
6634.79440425997  1.896750E-15
6637.25543391882  1.997130E-15
6639.71646357766  2.108440E-15
6642.17749323651  2.110760E-15
6644.63852289535  1.971860E-15
6647.0995525542  1.881030E-15
6649.56058221304  1.791440E-15
6652.02161187189  2.125690E-15
6654.48264153073  2.029690E-15
6656.94367118958  1.874890E-15
6659.40470084842  1.961890E-15
6661.86573050726  2.025140E-15
6664.32676016611  1.880150E-15
6666.78778982495  1.736100E-15
6669.2488194838  1.871240E-15
6671.70984914264  1.964070E-15
6674.17087880149  1.957290E-15
6676.63190846034  1.852640E-15
6679.09293811918  1.930980E-15
6681.55396777803  1.813490E-15
6684.01499743687  1.753330E-15
6686.47602709571  1.822440E-15
6688.93705675456  1.851540E-15
6691.3980864134  1.731110E-15
6693.85911607225  1.930020E-15
6696.32014573109  1.714930E-15
6698.78117538994  1.787660E-15
6701.24220504878  1.831280E-15
6703.70323470763  1.869880E-15
6706.16426436647  1.711900E-15
6708.62529402532  1.665680E-15
6711.08632368416  1.600550E-15
6713.54735334301  1.857840E-15
6716.00838300185  1.814540E-15
6718.4694126607  1.880220E-15
6720.93044231954  1.814770E-15
6723.39147197838  2.063900E-15
6725.85250163723  2.289270E-15
6728.31353129608  2.009930E-15
6730.77456095492  2.029570E-15
6733.23559061376  1.849920E-15
6735.69662027261  1.941750E-15
6738.15764993145  1.696600E-15
6740.6186795903  2.051840E-15
6743.07970924914  1.849010E-15
6745.54073890799  1.784000E-15
6748.00176856684  1.876410E-15
6750.46279822568  1.509290E-15
6752.92382788452  1.660760E-15
6755.38485754337  1.738630E-15
6757.84588720221  1.841730E-15
6760.30691686106  1.632270E-15
6762.7679465199  1.620750E-15
6765.22897617875  1.664720E-15
6767.69000583759  1.977410E-15
6770.15103549644  1.958540E-15
6772.61206515528  1.863370E-15
6775.07309481413  1.803180E-15
6777.53412447297  1.575770E-15
6779.99515413182  1.761990E-15
6782.45618379066  1.562050E-15
6784.91721344951  1.664960E-15
6787.37824310835  1.691430E-15
6789.83927276719  1.594230E-15
6792.30030242604  1.580030E-15
6794.76133208488  1.491770E-15
6797.22236174373  1.556880E-15
6799.68339140257  1.550330E-15
6802.14442106142  1.477610E-15
6804.60545072026  1.520750E-15
6807.06648037911  1.612210E-15
6809.52751003795  1.408130E-15
6811.9885396968  1.363010E-15
6814.44956935564  1.493840E-15
6816.91059901449  1.490650E-15
6819.37162867333  1.611970E-15
6821.83265833218  1.656010E-15
6824.29368799102  1.458350E-15
6826.75471764987  1.611890E-15
6829.21574730871  1.659330E-15
6831.67677696756  1.610970E-15
6834.1378066264  1.628740E-15
6836.59883628525  1.700570E-15
6839.05986594409  1.445790E-15
6841.52089560294  1.549060E-15
6843.98192526178  1.639760E-15
6846.44295492062  1.577310E-15
6848.90398457947  1.710430E-15
6851.36501423832  1.568050E-15
6853.82604389716  1.254390E-15
6856.28707355601  1.314630E-15
6858.74810321485  1.296030E-15
6861.20913287369  1.607860E-15
6863.67016253254  1.522520E-15
6866.13119219138  1.553790E-15
6868.59222185023  1.383860E-15
6871.05325150907  1.557040E-15
6873.51428116792  1.454350E-15
6875.97531082676  1.351960E-15
6878.43634048561  1.654780E-15
6880.89737014445  1.530210E-15
6883.3583998033  1.119560E-15
6885.81942946214  1.140430E-15
6888.28045912099  1.262940E-15
6890.74148877983  1.227730E-15
6893.20251843868  1.186900E-15
6895.66354809752  1.369620E-15
6898.12457775637  1.247140E-15
6900.58560741521  1.236880E-15
6903.04663707406  1.187650E-15
6905.5076667329  1.121550E-15
6907.96869639175  1.532040E-15
6910.42972605059  1.429300E-15
6912.89075570944  1.295970E-15
6915.35178536828  1.331980E-15
6917.81281502712  1.389450E-15
6920.27384468597  1.385290E-15
6922.73487434482  1.448780E-15
6925.19590400366  1.475140E-15
6927.65693366251  1.322650E-15
6930.11796332135  1.311640E-15
6932.57899298019  1.248820E-15
6935.04002263904  1.409650E-15
6937.50105229788  1.370400E-15
6939.96208195673  1.282160E-15
6942.42311161557  1.281850E-15
6944.88414127442  1.191380E-15
6947.34517093326  1.316330E-15
6949.80620059211  1.156290E-15
6952.26723025095  1.366480E-15
6954.7282599098  1.254120E-15
6957.18928956864  1.210030E-15
6959.65031922749  1.292220E-15
6962.11134888633  1.352030E-15
6964.57237854518  1.281210E-15
6967.03340820402  1.414970E-15
6969.49443786287  1.319050E-15
6971.95546752171  1.430730E-15
6974.41649718055  1.297610E-15
6976.8775268394  1.419290E-15
6979.33855649825  1.063940E-15
6981.79958615709  1.377830E-15
6984.26061581593  1.252750E-15
6986.72164547478  1.418450E-15
6989.18267513362  1.318520E-15
6991.64370479247  1.175570E-15
6994.10473445131  1.337630E-15
6996.56576411016  1.390520E-15
6999.026793769  1.419030E-15
7001.48782342785  1.332540E-15
7003.94885308669  1.187440E-15
7006.40988274554  1.221330E-15
7008.87091240438  1.263990E-15
7011.33194206323  1.125470E-15
7013.79297172207  1.188480E-15
7016.25400138092  1.337270E-15
7018.71503103976  1.303620E-15
7021.17606069861  1.269180E-15
7023.63709035745  1.231080E-15
7026.0981200163  1.213190E-15
7028.55914967514  1.355480E-15
7031.02017933399  1.373790E-15
7033.48120899283  1.513720E-15
7035.94223865167  1.471860E-15
7038.40326831052  1.174450E-15
7040.86429796937  1.128340E-15
7043.32532762821  1.330530E-15
7045.78635728705  1.466980E-15
7048.2473869459  1.521370E-15
7050.70841660475  1.345050E-15
7053.16944626359  1.244920E-15
7055.63047592243  1.111330E-15
7058.09150558128  1.317910E-15
7060.55253524012  1.457320E-15
7063.01356489897  1.355730E-15
7065.47459455781  1.359310E-15
7067.93562421666  1.221780E-15
7070.3966538755  1.369840E-15
7072.85768353435  1.368610E-15
7075.31871319319  1.336400E-15
7077.77974285204  1.402600E-15
7080.24077251088  1.528740E-15
7082.70180216973  1.275340E-15
7085.16283182857  1.414780E-15
7087.62386148742  1.586160E-15
7090.08489114626  1.474500E-15
7092.54592080511  1.344020E-15
7095.00695046395  1.578250E-15
7097.4679801228  1.366660E-15
7099.92900978164  9.894860E-16
7102.39003944049  1.296150E-15
7104.85106909933  1.261210E-15
7107.31209875817  1.281960E-15
7109.77312841702  1.433860E-15
7112.23415807586  1.716780E-15
7114.69518773471  1.986120E-15
7117.15621739355  1.719960E-15
7119.6172470524  1.611520E-15
7122.07827671124  1.299420E-15
7124.53930637009  1.359100E-15
7127.00033602893  1.618790E-15
7129.46136568778  1.392820E-15
7131.92239534662  1.285690E-15
7134.38342500547  1.119400E-15
7136.84445466431  1.135190E-15
7139.30548432316  1.431540E-15
7141.766513982  1.327140E-15
7144.22754364085  1.095340E-15
7146.68857329969  1.085850E-15
7149.14960295854  1.026310E-15
7151.61063261738  1.052270E-15
7154.07166227623  9.716060E-16
7156.53269193507  1.254420E-15
7158.99372159392  1.439460E-15
7161.45475125276  1.106670E-15
7163.9157809116  1.085430E-15
7166.37681057045  1.193510E-15
7168.8378402293  1.187450E-15
7171.29886988814  1.326460E-15
7173.75989954698  1.404490E-15
7176.22092920583  1.307530E-15
7178.68195886468  1.261820E-15
7181.14298852352  1.458640E-15
7183.60401818236  1.268430E-15
7186.06504784121  1.090250E-15
7188.52607750005  1.119460E-15
7190.9871071589  1.156740E-15
7193.44813681774  1.138270E-15
7195.90916647659  1.202380E-15
7198.37019613543  1.198420E-15
7200.83122579428  1.143090E-15
7203.29225545312  9.198920E-16
7205.75328511197  1.156250E-15
7208.21431477081  1.182030E-15
7210.67534442966  1.117460E-15
7213.1363740885  1.232660E-15
7215.59740374735  1.204450E-15
7218.05843340619  1.269580E-15
7220.51946306504  1.377390E-15
7222.98049272388  1.230020E-15
7225.44152238273  1.257740E-15
7227.90255204157  1.191710E-15
7230.36358170041  1.251460E-15
7232.82461135926  8.689520E-16
7235.2856410181  1.168500E-15
7237.74667067695  1.073740E-15
7240.20770033579  1.147650E-15
7242.66872999464  1.241660E-15
7245.12975965348  1.156580E-15
7247.59078931233  1.026740E-15
7250.05181897117  1.215650E-15
7252.51284863002  1.154030E-15
7254.97387828886  1.428380E-15
7257.43490794771  1.251350E-15
7259.89593760655  9.463880E-16
7262.3569672654  1.089220E-15
7264.81799692424  1.000500E-15
7267.27902658309  1.124910E-15
7269.74005624193  1.017660E-15
7272.20108590078  8.102290E-16
7274.66211555962  6.505870E-16
7277.12314521847  1.253270E-15
7279.58417487731  1.249560E-15
7282.04520453616  1.233260E-15
7284.506234195  1.156490E-15
7286.96726385384  1.107940E-15
7289.42829351269  1.152680E-15