288 sn2010jl halpha d915
915
 -5.9798867E+03  1.1336090E+02
 -5.9382339E+03  1.1026920E+02
 -5.8965635E+03  1.1788690E+02
 -5.8548750E+03  1.1810130E+02
 -5.8132046E+03  1.1417550E+02
 -5.7715161E+03  1.2272460E+02
 -5.7298633E+03  1.1976650E+02
 -5.6881929E+03  1.1984890E+02
 -5.6465044E+03  1.0734390E+02
 -5.6048335E+03  1.1298960E+02
 -5.5631450E+03  1.1339290E+02
 -5.5214746E+03  1.2234599E+02
 -5.4798218E+03  1.2772220E+02
 -5.4381338E+03  1.2535790E+02
 -5.3964629E+03  1.1506041E+02
 -5.3547744E+03  1.1320830E+02
 -5.3131040E+03  1.2406791E+02
 -5.2714692E+03  1.2090821E+02
 -5.2297808E+03  1.1912528E+02
 -5.1881104E+03  1.2730829E+02
 -5.1464395E+03  1.1660109E+02
 -5.1047510E+03  1.0301060E+02
 -5.0630986E+03  1.0910630E+02
 -5.0214102E+03  1.1909810E+02
 -4.9797393E+03  1.3567050E+02
 -4.9380688E+03  1.3507899E+02
 -4.8963804E+03  1.2965990E+02
 -4.8547280E+03  1.2986050E+02
 -4.8130396E+03  1.2557050E+02
 -4.7713687E+03  1.2266590E+02
 -4.7296982E+03  1.2135659E+02
 -4.6880098E+03  1.2423689E+02
 -4.6463394E+03  1.2581970E+02
 -4.6046685E+03  1.2559190E+02
 -4.5629980E+03  1.1362769E+02
 -4.5213276E+03  1.2442600E+02
 -4.4796392E+03  1.3413091E+02
 -4.4379688E+03  1.3514931E+02
 -4.3962803E+03  1.4770880E+02
 -4.3546274E+03  1.3560420E+02
 -4.3129570E+03  1.2915450E+02
 -4.2712686E+03  1.2225040E+02
 -4.2295977E+03  1.2526150E+02
 -4.1879097E+03  1.3031531E+02
 -4.1462568E+03  1.3493159E+02
 -4.1045864E+03  1.3585870E+02
 -4.0628977E+03  1.3496490E+02
 -4.0212273E+03  1.3645190E+02
 -3.9795388E+03  1.3616969E+02
 -3.9378682E+03  1.3429820E+02
 -3.8962156E+03  1.2931590E+02
 -3.8545449E+03  1.3124960E+02
 -3.8128743E+03  1.4352431E+02
 -3.7712039E+03  1.5753191E+02
 -3.7295332E+03  1.4741710E+02
 -3.6878628E+03  1.3426810E+02
 -3.6461743E+03  1.3463361E+02
 -3.6045037E+03  1.3065390E+02
 -3.5628333E+03  1.3002049E+02
 -3.5211448E+03  1.2819470E+02
 -3.4794919E+03  1.3764101E+02
 -3.4378035E+03  1.4263361E+02
 -3.3961331E+03  1.5921950E+02
 -3.3544624E+03  1.6972632E+02
 -3.3127739E+03  1.6040260E+02
 -3.2711213E+03  1.4870869E+02
 -3.2294329E+03  1.5136380E+02
 -3.1877625E+03  1.5774290E+02
 -3.1460918E+03  1.7687360E+02
 -3.1044033E+03  1.9523761E+02
 -3.0627327E+03  1.8787959E+02
 -3.0210444E+03  1.8114380E+02
 -2.9793916E+03  1.8424741E+02
 -2.9377212E+03  1.9802100E+02
 -2.8960327E+03  2.0626578E+02
 -2.8543621E+03  2.1451717E+02
 -2.8126736E+03  2.3470979E+02
 -2.7710210E+03  2.4415022E+02
 -2.7293503E+03  2.4678281E+02
 -2.6876619E+03  2.5969489E+02
 -2.6459915E+03  2.6352451E+02
 -2.6043208E+03  2.6967090E+02
 -2.5626323E+03  3.0070779E+02
 -2.5209797E+03  3.3773383E+02
 -2.4793091E+03  3.7682779E+02
 -2.4376387E+03  4.0667227E+02
 -2.3959858E+03  4.2062247E+02
 -2.3542974E+03  4.3827744E+02
 -2.3126270E+03  4.7183350E+02
 -2.2709385E+03  5.0708420E+02
 -2.2292678E+03  5.4602832E+02
 -2.1875974E+03  5.9082172E+02
 -2.1459089E+03  6.3478180E+02
 -2.1042561E+03  6.8168054E+02
 -2.0625679E+03  7.3515161E+02
 -2.0208972E+03  8.0295709E+02
 -1.9792267E+03  8.8429163E+02
 -1.9375382E+03  9.9850085E+02
 -1.8958855E+03  1.1107800E+03
 -1.8541971E+03  1.2015750E+03
 -1.8125265E+03  1.3027661E+03
 -1.7708560E+03  1.3994650E+03
 -1.7291676E+03  1.5357400E+03
 -1.6874969E+03  1.6808650E+03
 -1.6458086E+03  1.7862970E+03
 -1.6041559E+03  1.9204380E+03
 -1.5624854E+03  2.1113469E+03
 -1.5207969E+03  2.2472361E+03
 -1.4791263E+03  2.3742600E+03
 -1.4374379E+03  2.6150730E+03
 -1.3957852E+03  2.8565530E+03
 -1.3541146E+03  3.0472927E+03
 -1.3124261E+03  3.2016299E+03
 -1.2707556E+03  3.3970193E+03
 -1.2290851E+03  3.6576860E+03
 -1.1873966E+03  3.8553521E+03
 -1.1457439E+03  4.0231577E+03
 -1.1040734E+03  4.2498452E+03
 -1.0624028E+03  4.6032080E+03
 -1.0207501E+03  4.9396621E+03
 -9.7906165E+02  5.2244248E+03
 -9.3739111E+02  5.4953979E+03
 -8.9570270E+02  5.7211919E+03
 -8.5403210E+02  5.9268394E+03
 -8.1236157E+02  6.3415771E+03
 -7.7067310E+02  7.1418672E+03
 -7.2902045E+02  7.2138472E+03
 -6.8733197E+02  7.0017876E+03
 -6.4566144E+02  7.2097339E+03
 -6.0399084E+02  7.3286719E+03
 -5.6230243E+02  7.3399106E+03
 -5.2064972E+02  7.3997812E+03
 -4.7896130E+02  7.3668335E+03
 -4.3729074E+02  7.0924795E+03
 -3.9562018E+02  6.8530479E+03
 -3.5393176E+02  6.7100459E+03
 -3.1226120E+02  6.5705454E+03
 -2.7057275E+02  6.4702954E+03
 -2.2892006E+02  6.2261865E+03
 -1.8724950E+02  5.8900000E+03
 -1.4556107E+02  5.8190820E+03
 -1.0389050E+02  6.1792969E+03
 -6.2202072E+01  6.7586558E+03
 -2.0549377E+01  7.0206299E+03
  2.1121185E+01  6.8690674E+03
  6.2827488E+01  6.3618540E+03
  1.0446231E+02  5.4226250E+03
  1.4613287E+02  4.5224238E+03
  1.8783917E+02  4.1190732E+03
  2.2950974E+02  4.0666438E+03
  2.7114456E+02  3.9471890E+03
  3.1281512E+02  3.6648020E+03
  3.5448569E+02  3.3419729E+03
  3.9619199E+02  2.9817900E+03
  4.3786255E+02  2.6854343E+03
  4.7953311E+02  2.5294619E+03
  5.2120367E+02  2.4496030E+03
  5.6287427E+02  2.3457529E+03
  6.0454480E+02  2.2230171E+03
  6.4621539E+02  2.0997859E+03
  6.8792169E+02  1.9522208E+03
  7.2955652E+02  1.8137571E+03
  7.7122705E+02  1.7297371E+03
  8.1293335E+02  1.6848480E+03
  8.5460394E+02  1.6724191E+03
  8.9627448E+02  1.6866060E+03
  9.3794507E+02  1.6160160E+03
  9.7961560E+02  1.4627480E+03
  1.0212862E+03  1.3055380E+03
  1.0629568E+03  1.1483929E+03
  1.1046631E+03  1.0059350E+03
  1.1463336E+03  9.3265192E+02
  1.1879684E+03  8.8980627E+02
  1.2296747E+03  8.1073151E+02
  1.2713453E+03  7.3730939E+02
  1.3130159E+03  6.8240735E+02
  1.3546864E+03  6.3607373E+02
  1.3963569E+03  5.8315637E+02
  1.4380632E+03  5.2501093E+02
  1.4796981E+03  4.9574731E+02
  1.5213687E+03  4.8126779E+02
  1.5630750E+03  4.5698752E+02
  1.6047455E+03  4.2944019E+02
  1.6463804E+03  4.0568750E+02
  1.6880509E+03  3.8679279E+02
  1.7297214E+03  3.6665610E+02
  1.7714277E+03  3.4705569E+02
  1.8130984E+03  3.3282520E+02
  1.8547689E+03  3.1010400E+02
  1.8964395E+03  2.8241290E+02
  1.9381100E+03  2.5882590E+02
  1.9797806E+03  2.4121672E+02
  2.0214512E+03  2.3107790E+02
  2.0631575E+03  2.2551700E+02
  2.1047922E+03  2.2666411E+02
  2.1464629E+03  2.2905850E+02
  2.1881692E+03  2.1122108E+02
  2.2298396E+03  1.9315300E+02
  2.2715103E+03  1.9353439E+02
  2.3131809E+03  1.8696892E+02
  2.3548513E+03  1.7857230E+02
  2.3965220E+03  1.5983749E+02
  2.4381926E+03  1.6258870E+02
  2.4798989E+03  1.6295461E+02
  2.5215693E+03  1.7186200E+02
  2.5632041E+03  1.7521400E+02
  2.6049106E+03  1.7019650E+02
  2.6465811E+03  1.6133002E+02
  2.6882517E+03  1.4206841E+02
  2.7299221E+03  1.2907990E+02
  2.7715928E+03  1.3801151E+02
  2.8132634E+03  1.4434950E+02
  2.8549338E+03  1.3814940E+02
  2.8966045E+03  1.3231870E+02
  2.9383108E+03  1.4095821E+02
  2.9799814E+03  1.4597470E+02
  3.0216162E+03  1.3651170E+02
  3.0632866E+03  1.2499100E+02
  3.1049573E+03  1.2003579E+02
  3.1466636E+03  1.3183231E+02
  3.1883342E+03  1.3438060E+02
  3.2300046E+03  1.2674640E+02
  3.2716753E+03  1.2341939E+02
  3.3133459E+03  1.3068190E+02
  3.3550164E+03  1.3474831E+02
  3.3966870E+03  1.1995361E+02
  3.4383933E+03  1.1663880E+02
  3.4800281E+03  1.1925211E+02
  3.5216987E+03  1.1350290E+02
  3.5634050E+03  1.1355080E+02
  3.6050754E+03  1.2121120E+02
  3.6467461E+03  1.2661000E+02
  3.6884167E+03  1.1367680E+02
  3.7300872E+03  1.2218780E+02
  3.7717578E+03  1.3006551E+02
  3.8134282E+03  1.1797920E+02
  3.8550989E+03  1.0776850E+02
  3.8968052E+03  1.2461220E+02
  3.9384399E+03  1.3500191E+02
  3.9801462E+03  1.2482380E+02
  4.0218169E+03  1.2676479E+02
  4.0634875E+03  1.2216771E+02
  4.1051582E+03  1.2364929E+02
  4.1468286E+03  1.1010529E+02
  4.1884990E+03  1.0818860E+02
  4.2301699E+03  1.2415910E+02
  4.2718403E+03  1.2835010E+02
  4.3135464E+03  1.3296609E+02
  4.3552173E+03  1.2708561E+02
  4.3968521E+03  1.1880440E+02
  4.4385225E+03  1.2731720E+02
  4.4801929E+03  1.3823219E+02
  4.5218994E+03  1.2922330E+02
  4.5635342E+03  1.2277160E+02
  4.6052407E+03  1.2277920E+02
  4.6469111E+03  1.2554630E+02
  4.6885815E+03  1.2228950E+02
  4.7302520E+03  1.3272830E+02
  4.7719229E+03  1.4417830E+02
  4.8136289E+03  1.3383231E+02
  4.8552637E+03  1.2338560E+02
  4.8969346E+03  1.2604508E+02
  4.9386406E+03  1.3320050E+02
  4.9803115E+03  1.4116170E+02
  5.0219819E+03  1.4596530E+02
  5.0636523E+03  1.3712601E+02
  5.1053228E+03  1.3746049E+02
  5.1469937E+03  1.5528461E+02
  5.1886641E+03  1.6293900E+02
  5.2303345E+03  1.5440770E+02
  5.2720410E+03  1.4633400E+02
  5.3136758E+03  1.4073230E+02
  5.3553823E+03  1.3634930E+02
  5.3970527E+03  1.2507070E+02
  5.4387231E+03  1.2391039E+02
  5.4803940E+03  1.1411829E+02
  5.5220645E+03  1.1038050E+02
  5.5637349E+03  1.0727131E+02
  5.6054053E+03  1.0917519E+02
  5.6470762E+03  1.0759459E+02
  5.6887822E+03  1.0541940E+02
  5.7304531E+03  1.1773910E+02
  5.7720879E+03  1.1407191E+02
  5.8137583E+03  1.0359670E+02
  5.8554287E+03  1.0417420E+02
  5.8971353E+03  1.0741151E+02
  5.9387700E+03  1.0902060E+02
  5.9804761E+03  1.0185030E+02
