358 SN2005ip Halpha dereddened by E(B-V) = 0.047 and shifted by z = 0.00714 NO CONTINUUM SUBTRACTION
28 
 -1.9956895E+04  1.8213099E-15
 -1.9845283E+04  1.9342582E-15
 -1.9733656E+04  1.5519808E-15
 -1.9622047E+04  1.6426982E-15
 -1.9510400E+04  1.7932674E-15
 -1.9398791E+04  1.9738153E-15
 -1.9287182E+04  1.8839588E-15
 -1.9175518E+04  1.5351753E-15
 -1.9063908E+04  1.7704305E-15
 -1.8952279E+04  1.7759424E-15
 -1.8840670E+04  1.6396266E-15
 -1.8729041E+04  1.7432719E-15
 -1.8617396E+04  1.7891271E-15
 -1.8505787E+04  1.6606087E-15
 -1.8394176E+04  1.6566565E-15
 -1.8282531E+04  1.6599048E-15
 -1.8170920E+04  1.8095453E-15
 -1.8059311E+04  1.8545744E-15
 -1.7947646E+04  1.5625780E-15
 -1.7836037E+04  1.5660335E-15
 -1.7724428E+04  1.4002687E-15
 -1.7612799E+04  1.4185771E-15
 -1.7501172E+04  1.7138343E-15
 -1.7389525E+04  1.7083994E-15
 -1.7277916E+04  1.6939395E-15
 -1.7166307E+04  1.6063690E-15
 -1.7054660E+04  1.5056871E-15
 -1.6943051E+04  1.8699481E-15
 -1.6831424E+04  1.5916381E-15
 -1.6719812E+04  1.6395105E-15
 -1.6608168E+04  1.6544398E-15
 -1.6496557E+04  1.3568016E-15
 -1.6384947E+04  1.5297925E-15
 -1.6273302E+04  1.6594531E-15
 -1.6161674E+04  1.5457789E-15
 -1.6050046E+04  1.5752156E-15
 -1.5938437E+04  1.5868345E-15
 -1.5826807E+04  1.7373594E-15
 -1.5715181E+04  1.8896502E-15
 -1.5603553E+04  1.9474818E-15
 -1.5491943E+04  1.7354928E-15
 -1.5380298E+04  1.5045756E-15
 -1.5268687E+04  1.7108635E-15
 -1.5157077E+04  1.6007682E-15
 -1.5045432E+04  1.5376236E-15
 -1.4933805E+04  1.7426063E-15
 -1.4822194E+04  1.6719710E-15
 -1.4710567E+04  1.7596325E-15
 -1.4598938E+04  1.8432144E-15
 -1.4487293E+04  1.6814627E-15
 -1.4375683E+04  1.5840473E-15
 -1.4264074E+04  1.3573773E-15
 -1.4152427E+04  1.7296289E-15
 -1.4040817E+04  1.5591917E-15
 -1.3929209E+04  1.4847684E-15
 -1.3817580E+04  1.5712459E-15
 -1.3705935E+04  1.6609179E-15
 -1.3594326E+04  1.4845414E-15
 -1.3482715E+04  1.5631613E-15
 -1.3371068E+04  1.5199380E-15
 -1.3259441E+04  1.6368813E-15
 -1.3147813E+04  1.4914759E-15
 -1.3036203E+04  1.4645622E-15
 -1.2924576E+04  1.4942254E-15
 -1.2812946E+04  1.4478270E-15
 -1.2701320E+04  1.8884871E-15
 -1.2589709E+04  1.6887520E-15
 -1.2478064E+04  1.6190140E-15
 -1.2366455E+04  1.6767985E-15
 -1.2254845E+04  1.5837469E-15
 -1.2143234E+04  1.7833010E-15
 -1.2031572E+04  1.7123874E-15
 -1.1919961E+04  1.6314738E-15
 -1.1808333E+04  1.7739124E-15
 -1.1696705E+04  1.4793577E-15
 -1.1585096E+04  1.2960025E-15
 -1.1473450E+04  1.7808679E-15
 -1.1361840E+04  1.8493234E-15
 -1.1250194E+04  1.7543189E-15
 -1.1138583E+04  1.6909934E-15
 -1.1026975E+04  1.8990309E-15
 -1.0915329E+04  1.8148039E-15
 -1.0803701E+04  2.0280576E-15
 -1.0692091E+04  1.7965490E-15
 -1.0580481E+04  1.6341126E-15
 -1.0468854E+04  1.6957554E-15
 -1.0357227E+04  1.8286097E-15
 -1.0245581E+04  1.8422509E-15
 -1.0133970E+04  1.8299764E-15
 -1.0022342E+04  1.9887351E-15
 -9.9107148E+03  1.8364871E-15
 -9.7991045E+03  1.6966467E-15
 -9.6874766E+03  1.7896597E-15
 -9.5758311E+03  1.8271479E-15
 -9.4642207E+03  1.9834689E-15
 -9.3526113E+03  1.6514601E-15
 -9.2410010E+03  1.7833021E-15
 -9.1293379E+03  1.7882975E-15
 -9.0177275E+03  1.7718531E-15
 -8.9060996E+03  1.9017321E-15
 -8.7944902E+03  1.9189138E-15
 -8.6828623E+03  2.0861308E-15
 -8.5712168E+03  2.1323226E-15
 -8.4596064E+03  1.8303274E-15
 -8.3479609E+03  1.8792997E-15
 -8.2363516E+03  1.8591363E-15
 -8.1247412E+03  1.9360221E-15
 -8.0131318E+03  1.6045569E-15
 -7.9014683E+03  1.7622520E-15
 -7.7898579E+03  2.0598562E-15
 -7.6782480E+03  1.8991444E-15
 -7.5666206E+03  1.7965330E-15
 -7.4549917E+03  1.8913674E-15
 -7.3433467E+03  2.0904479E-15
 -7.2317368E+03  2.2094329E-15
 -7.1201274E+03  1.9105434E-15
 -7.0084824E+03  1.8082063E-15
 -6.8968711E+03  1.8541295E-15
 -6.7852437E+03  2.1492102E-15
 -6.6735977E+03  2.0852160E-15
 -6.5619878E+03  1.8814347E-15
 -6.4503779E+03  2.0556770E-15
 -6.3387676E+03  2.1229498E-15
 -6.2271226E+03  1.9033063E-15
 -6.1154941E+03  1.9801458E-15
 -6.0038667E+03  2.0225345E-15
 -5.8922573E+03  2.1775688E-15
 -5.7806289E+03  1.9634067E-15
 -5.6690015E+03  2.0793155E-15
 -5.5573735E+03  2.1596719E-15
 -5.4457285E+03  2.1499884E-15
 -5.3341182E+03  2.1792110E-15
 -5.2225078E+03  2.0814475E-15
 -5.1108979E+03  2.2055726E-15
 -4.9992344E+03  2.2406211E-15
 -4.8876245E+03  2.1479241E-15
 -4.7760146E+03  2.1142976E-15
 -4.6643872E+03  2.1575208E-15
 -4.5527593E+03  1.8911755E-15
 -4.4411133E+03  1.9265667E-15
 -4.3295034E+03  1.9691801E-15
 -4.2178936E+03  2.1305333E-15
 -4.1062480E+03  2.0809077E-15
 -3.9946384E+03  1.8758633E-15
 -3.8830281E+03  2.3097407E-15
 -3.7713647E+03  2.2450638E-15
 -3.6597546E+03  2.1314108E-15
 -3.5481450E+03  2.1241024E-15
 -3.4365349E+03  2.2744164E-15
 -3.3248889E+03  2.2758393E-15
 -3.2132615E+03  2.1238932E-15
 -3.1016335E+03  2.2320892E-15
 -2.9900237E+03  2.1695927E-15
 -2.8783960E+03  2.2150041E-15
 -2.7667681E+03  1.9857648E-15
 -2.6551404E+03  2.0224125E-15
 -2.5435305E+03  2.2905759E-15
 -2.4318848E+03  2.1932563E-15
 -2.3202749E+03  2.2031168E-15
 -2.2086650E+03  2.3445016E-15
 -2.0970193E+03  2.3338235E-15
 -1.9853914E+03  2.2850757E-15
 -1.8737815E+03  2.2434390E-15
 -1.7621538E+03  2.2540292E-15
 -1.6505259E+03  2.2721799E-15
 -1.5389161E+03  2.4530472E-15
 -1.4272703E+03  2.3228405E-15
 -1.3156605E+03  2.2905668E-15
 -1.2040148E+03  2.4584208E-15
 -1.0924049E+03  2.2972065E-15
 -9.8079492E+02  2.4377441E-15
 -8.6914929E+02  2.4794122E-15
 -7.5752155E+02  2.5485036E-15
 -6.4591162E+02  2.5343166E-15
 -5.3430170E+02  2.6458493E-15
 -4.2265607E+02  2.6862839E-15
 -3.1104608E+02  3.5257361E-15
 -1.9940045E+02  5.9404733E-15
 -8.7790504E+01  9.3876246E-15
  2.3837278E+01  8.5976461E-15
  1.3544720E+02  5.8355530E-15
  2.4705711E+02  3.5977492E-15
  3.5870279E+02  2.8444186E-15
  4.7034845E+02  2.5347336E-15
  5.8195837E+02  2.4687394E-15
  6.9356830E+02  2.2429820E-15
  8.0521393E+02  2.3955028E-15
  9.1685956E+02  2.1540022E-15
  1.0284695E+03  1.8743797E-15
  1.1400795E+03  2.1094386E-15
  1.2517251E+03  2.2209538E-15
  1.3633351E+03  2.3446111E-15
  1.4749449E+03  2.3470637E-15
  1.5865906E+03  2.1924950E-15
  1.6982006E+03  2.0913883E-15
  1.8098104E+03  1.9916716E-15
  1.9214562E+03  2.3631529E-15
  2.0330660E+03  2.2563069E-15
  2.1447117E+03  2.0841108E-15
  2.2563215E+03  2.1807014E-15
  2.3679316E+03  2.2508840E-15
  2.4795771E+03  2.0896193E-15
  2.5911870E+03  1.9294163E-15
  2.7028328E+03  2.0794921E-15
  2.8144426E+03  2.1825356E-15
  2.9260884E+03  2.1748846E-15
  3.0376982E+03  2.0584897E-15
  3.1493083E+03  2.1454188E-15
  3.2609536E+03  2.0147729E-15
  3.3725637E+03  1.9478312E-15
  3.4842097E+03  2.0244992E-15
  3.5958196E+03  2.0567150E-15
  3.7074290E+03  1.9228368E-15
  3.8190396E+03  2.1436621E-15
  3.9306848E+03  1.9046607E-15
  4.0422947E+03  1.9853309E-15
  4.1539404E+03  2.0336651E-15
  4.2655503E+03  2.0764204E-15
  4.3771602E+03  1.9008887E-15
  4.4888062E+03  1.8494674E-15
  4.6004517E+03  1.7770563E-15
  4.7120615E+03  2.0626097E-15
  4.8236714E+03  2.0144298E-15
  4.9352812E+03  2.0872340E-15
  5.0469629E+03  2.0144707E-15
  5.1585728E+03  2.2908936E-15
  5.2701826E+03  2.5409152E-15
  5.3817920E+03  2.2307504E-15
  5.4934385E+03  2.2524285E-15
  5.6050483E+03  2.0529430E-15
  5.7166582E+03  2.1547366E-15
  5.8283037E+03  1.8825970E-15
  5.9399136E+03  2.2766609E-15
  6.0515239E+03  2.0514981E-15
  6.1631689E+03  1.9792640E-15
  6.2748154E+03  2.0816785E-15
  6.3864248E+03  1.6743091E-15
  6.4980342E+03  1.8422429E-15
  6.6096445E+03  1.9285204E-15
  6.7212896E+03  2.0427731E-15
  6.8329365E+03  1.8103527E-15
  6.9445459E+03  1.7974812E-15
  7.0561914E+03  1.8461485E-15
  7.1678013E+03  2.1928016E-15
  7.2794111E+03  2.1717618E-15
  7.3910571E+03  2.0661222E-15
  7.5026665E+03  1.9992779E-15
  7.6142764E+03  1.7470449E-15
  7.7259219E+03  1.9534032E-15
  7.8375322E+03  1.7316519E-15
  7.9491431E+03  1.8456388E-15
  8.0607886E+03  1.8748829E-15
  8.1723984E+03  1.7670482E-15
  8.2840078E+03  1.7512171E-15
  8.3956533E+03  1.6533080E-15
  8.5072637E+03  1.7253785E-15
  8.6189092E+03  1.7180298E-15
  8.7305547E+03  1.6373582E-15
  8.8421650E+03  1.6850742E-15
  8.9537744E+03  1.7863237E-15
  9.0653848E+03  1.5601225E-15
  9.1770303E+03  1.5100535E-15
  9.2886758E+03  1.6549115E-15
  9.4002861E+03  1.6512916E-15
  9.5118955E+03  1.7855929E-15
  9.6235059E+03  1.8342810E-15
  9.7351514E+03  1.6152589E-15
  9.8467607E+03  1.7852261E-15
  9.9583711E+03  1.8376723E-15
  1.0070017E+04  1.7840221E-15
  1.0181627E+04  1.8036076E-15
  1.0293235E+04  1.8830521E-15
  1.0404918E+04  1.6008496E-15
  1.0516528E+04  1.7151065E-15
  1.0628138E+04  1.8154351E-15
  1.0739748E+04  1.7462042E-15
  1.0851394E+04  1.8934807E-15
  1.0963039E+04  1.7357736E-15
  1.1074649E+04  1.3884919E-15
  1.1186259E+04  1.4550968E-15
  1.1297904E+04  1.4344356E-15
  1.1409516E+04  1.7794750E-15
  1.1521124E+04  1.6849396E-15
  1.1632771E+04  1.7194571E-15
  1.1744380E+04  1.5313301E-15
  1.1855989E+04  1.7228764E-15
  1.1967635E+04  1.6091666E-15
  1.2079245E+04  1.4958004E-15
  1.2190892E+04  1.8307448E-15
  1.2302501E+04  1.6928416E-15
  1.2414111E+04  1.2384840E-15
  1.2525757E+04  1.2615064E-15
  1.2637366E+04  1.3969515E-15
  1.2749014E+04  1.3579360E-15
  1.2860621E+04  1.3127088E-15
  1.2972267E+04  1.5147193E-15
  1.3083878E+04  1.3791934E-15
  1.3195488E+04  1.3677772E-15
  1.3307134E+04  1.3132703E-15
  1.3418743E+04  1.2401156E-15
  1.3530389E+04  1.6939148E-15
  1.3642000E+04  1.5802391E-15
  1.3753607E+04  1.4327561E-15
  1.3865255E+04  1.4724918E-15
  1.3976865E+04  1.5359464E-15
  1.4088475E+04  1.5312702E-15
  1.4200120E+04  1.6013695E-15
  1.4311729E+04  1.6304231E-15
  1.4423341E+04  1.4618070E-15
  1.4534986E+04  1.4495654E-15
  1.4646632E+04  1.3800696E-15
  1.4758241E+04  1.5577240E-15
  1.4869851E+04  1.5142746E-15
  1.4981496E+04  1.4166989E-15
  1.5093143E+04  1.4162849E-15
  1.5204752E+04  1.3162603E-15
  1.5316362E+04  1.4542343E-15
  1.5427972E+04  1.2773634E-15
  1.5539619E+04  1.5094863E-15
  1.5651228E+04  1.3852976E-15
  1.5762837E+04  1.3365287E-15
  1.5874482E+04  1.4272395E-15
  1.5986094E+04  1.4932238E-15
  1.6097703E+04  1.4149369E-15
  1.6209349E+04  1.5625799E-15
  1.6320994E+04  1.4565804E-15
  1.6432604E+04  1.5798256E-15
  1.6544215E+04  1.4327615E-15
  1.6655859E+04  1.5670367E-15
  1.6767471E+04  1.1746363E-15
  1.6879115E+04  1.5211085E-15
  1.6990725E+04  1.3829526E-15
  1.7102371E+04  1.5657963E-15
  1.7213980E+04  1.4554130E-15
  1.7325592E+04  1.2975569E-15
  1.7437201E+04  1.4763600E-15
  1.7548846E+04  1.5346588E-15
  1.7660457E+04  1.5660463E-15
  1.7772102E+04  1.4705224E-15
  1.7883713E+04  1.3103325E-15
  1.7995322E+04  1.3476630E-15
  1.8106967E+04  1.3946664E-15
  1.8218578E+04  1.2417641E-15
  1.8330223E+04  1.3112198E-15
  1.8441834E+04  1.4753029E-15
  1.8553443E+04  1.4381084E-15
  1.8665088E+04  1.4000460E-15
  1.8776734E+04  1.3579503E-15
  1.8888344E+04  1.3381506E-15
  1.8999955E+04  1.4950229E-15
  1.9111564E+04  1.5151430E-15
  1.9223209E+04  1.6693882E-15
  1.9334855E+04  1.6231435E-15
  1.9446465E+04  1.2951008E-15
  1.9558074E+04  1.2441926E-15
  1.9669721E+04  1.4670704E-15
  1.9781330E+04  1.6174433E-15
  1.9892941E+04  1.6773295E-15
