1360
90
 -1.9991311E+04  1.0029028E-17
 -1.9961896E+04  6.4981456E-18
 -1.9932502E+04  4.8126030E-18
 -1.9903072E+04  6.9537170E-18
 -1.9873678E+04  6.7081300E-18
 -1.9844266E+04  5.8198840E-18
 -1.9814854E+04  7.4526194E-18
 -1.9785441E+04  8.6389155E-18
 -1.9756027E+04  6.5416884E-18
 -1.9726598E+04  3.6528296E-20
 -1.9697186E+04 -7.8159171E-18
 -1.9667791E+04 -1.1208893E-17
 -1.9638361E+04 -8.8855344E-18
 -1.9608949E+04 -2.8685830E-18
 -1.9579555E+04 -9.1034866E-19
 -1.9550123E+04 -5.8173698E-18
 -1.9520729E+04 -1.0514723E-17
 -1.9491316E+04 -1.1747421E-17
 -1.9461904E+04 -9.6775367E-18
 -1.9432492E+04 -9.1293740E-18
 -1.9403080E+04 -1.4028718E-17
 -1.9373686E+04 -1.9654976E-17
 -1.9344271E+04 -2.1830684E-17
 -1.9314859E+04 -1.8903446E-17
 -1.9285447E+04 -1.4453426E-17
 -1.9256035E+04 -1.4621218E-17
 -1.9226623E+04 -1.7930576E-17
 -1.9197211E+04 -2.0904800E-17
 -1.9167816E+04 -2.1242501E-17
 -1.9138402E+04 -1.8505288E-17
 -1.9108973E+04 -1.4998995E-17
 -1.9079578E+04 -9.8115797E-18
 -1.9050166E+04 -8.3279221E-19
 -1.9020754E+04  1.1290975E-17
 -1.8991342E+04  2.3307700E-17
 -1.8961947E+04  2.6095497E-17
 -1.8932535E+04  2.0280404E-17
 -1.8903104E+04  1.8654815E-17
 -1.8873709E+04  2.1470379E-17
 -1.8844297E+04  2.2950146E-17
 -1.8814885E+04  2.2554343E-17
 -1.8785473E+04  2.0134847E-17
 -1.8756061E+04  1.4401651E-17
 -1.8726666E+04  5.3055497E-18
 -1.8697234E+04 -5.8541619E-18
 -1.8667840E+04 -1.6873664E-17
 -1.8638428E+04 -2.5261699E-17
 -1.8609033E+04 -2.8630349E-17
 -1.8579604E+04 -2.6511097E-17
 -1.8550191E+04 -2.2353888E-17
 -1.8520797E+04 -1.7275766E-17
 -1.8491365E+04 -9.8571606E-18
 -1.8461971E+04 -4.1715579E-18
 -1.8432559E+04 -4.6447052E-18
 -1.8403129E+04 -7.3248498E-18
 -1.8373734E+04 -8.9953311E-18
 -1.8344322E+04 -1.1603609E-17
 -1.8314928E+04 -1.3454456E-17
 -1.8285496E+04 -1.0334994E-17
 -1.8256102E+04 -7.1280734E-18
 -1.8226689E+04 -9.9566341E-18
 -1.8197260E+04 -1.6414784E-17
 -1.8167865E+04 -2.2674040E-17
 -1.8138453E+04 -2.5120722E-17
 -1.8109059E+04 -2.2599951E-17
 -1.8079627E+04 -1.6466956E-17
 -1.8050215E+04 -9.1989896E-18
 -1.8020820E+04 -3.8272654E-18
 -1.7991391E+04 -4.0423324E-18
 -1.7961996E+04 -9.9193911E-18
 -1.7932584E+04 -1.6136560E-17
 -1.7903154E+04 -1.9116104E-17
 -1.7873760E+04 -1.7353217E-17
 -1.7844346E+04 -1.5783135E-17
 -1.7814951E+04 -1.8385935E-17
 -1.7785504E+04 -1.8747116E-17
 -1.7756109E+04 -1.3752136E-17
 -1.7726697E+04 -6.9190416E-18
 -1.7697266E+04 -2.4889534E-19
 -1.7667871E+04  4.8984709E-18
 -1.7638459E+04  1.8944951E-18
 -1.7609064E+04 -1.1312919E-17
 -1.7579635E+04 -2.0719485E-17
 -1.7550223E+04 -1.8797038E-17
 -1.7520828E+04 -9.0264331E-18
 -1.7491398E+04  3.7713348E-18
 -1.7462004E+04  1.3945259E-17
 -1.7432590E+04  1.7567754E-17
 -1.7403195E+04  1.2614359E-17
 -1.7373766E+04 -1.4483999E-18
 -1.7344354E+04 -1.7716673E-17
 -1.7314959E+04 -2.2147688E-17
 -1.7285529E+04 -1.6964932E-17
 -1.7256135E+04 -1.1772408E-17
 -1.7226721E+04 -8.3623328E-18
 -1.7197291E+04 -6.9262149E-18
 -1.7167896E+04 -7.9549629E-18
 -1.7138484E+04 -7.8661568E-18
 -1.7109090E+04  1.7059774E-19
 -1.7079660E+04  9.7348967E-18
 -1.7050266E+04  1.0783682E-17
 -1.7020852E+04  4.3295824E-18
 -1.6991422E+04 -4.8676601E-18
 -1.6962027E+04 -8.5088695E-18
 -1.6932615E+04 -7.2909420E-18
 -1.6903221E+04 -1.0190759E-17
 -1.6873791E+04 -1.2643608E-17
 -1.6844379E+04 -7.7914855E-18
 -1.6814984E+04 -2.7219404E-18
 -1.6785553E+04 -1.9755985E-18
 -1.6756158E+04 -9.8544342E-19
 -1.6726746E+04  1.1122337E-18
 -1.6697316E+04  2.2771422E-18
 -1.6667922E+04  3.4119548E-19
 -1.6638510E+04 -5.2536954E-18
 -1.6609115E+04 -8.1763032E-18
 -1.6579684E+04 -5.4448866E-18
 -1.6550289E+04 -1.6274945E-18
 -1.6520877E+04  1.2176893E-18
 -1.6491447E+04  2.9694595E-18
 -1.6462053E+04  3.4220131E-18
 -1.6432641E+04  2.2683013E-18
 -1.6403246E+04 -2.8118580E-18
 -1.6373815E+04 -9.8824128E-18
 -1.6344402E+04 -1.0491059E-17
 -1.6315008E+04 -4.7309702E-18
 -1.6285596E+04  1.7092594E-18
 -1.6256184E+04  4.4615078E-18
 -1.6226771E+04  1.7421615E-18
 -1.6197376E+04 -1.5098628E-18
 -1.6167946E+04 -1.7376881E-18
 -1.6138534E+04  1.2623439E-18
 -1.6109140E+04  5.3976380E-18
 -1.6079727E+04  7.4933564E-18
 -1.6050314E+04  6.4160893E-18
 -1.6020902E+04  3.0975995E-18
 -1.5991489E+04  2.6953912E-18
 -1.5962077E+04  5.5065347E-18
 -1.5932665E+04  5.3473719E-18
 -1.5903271E+04  3.5853316E-18
 -1.5873857E+04  4.6799629E-18
 -1.5844428E+04  7.3715689E-18
 -1.5815015E+04  1.0047028E-17
 -1.5785585E+04  1.3464145E-17
 -1.5756190E+04  1.7052441E-17
 -1.5726778E+04  1.8879279E-17
 -1.5697383E+04  1.8385777E-17
 -1.5667953E+04  1.5795603E-17
 -1.5638541E+04  1.1027840E-17
 -1.5609146E+04  5.1118178E-18
 -1.5579716E+04  1.3978691E-18
 -1.5550321E+04  7.8779358E-19
 -1.5520909E+04  1.5720402E-18
 -1.5491515E+04  3.9203596E-18
 -1.5462084E+04  8.1117169E-18
 -1.5432672E+04  1.1558506E-17
 -1.5403277E+04  1.2642709E-17
 -1.5373847E+04  1.2576930E-17
 -1.5344452E+04  1.2304398E-17
 -1.5315040E+04  1.2366496E-17
 -1.5285627E+04  1.1375758E-17
 -1.5256215E+04  8.0959144E-18
 -1.5226803E+04  5.2661097E-18
 -1.5197408E+04  4.4882952E-18
 -1.5167978E+04  3.8502147E-18
 -1.5138565E+04  4.4224120E-18
 -1.5109171E+04  9.0124835E-18
 -1.5079759E+04  1.2382800E-17
 -1.5050346E+04  9.3240593E-18
 -1.5020934E+04  4.2693372E-18
 -1.4991539E+04  1.5421558E-18
 -1.4962127E+04  2.5917357E-18
 -1.4932696E+04  9.2606377E-18
 -1.4903302E+04  2.2538859E-17
 -1.4873890E+04  3.7674358E-17
 -1.4844477E+04  4.8904638E-17
 -1.4815064E+04  5.2959120E-17
 -1.4785652E+04  5.0601881E-17
 -1.4756258E+04  4.7934600E-17
 -1.4726827E+04  4.4998443E-17
 -1.4697433E+04  3.8595824E-17
 -1.4668021E+04  3.0701768E-17
 -1.4638608E+04  2.4528274E-17
 -1.4609195E+04  2.3363443E-17
 -1.4579783E+04  2.6981995E-17
 -1.4550389E+04  3.0308877E-17
 -1.4520958E+04  3.5721735E-17
 -1.4491563E+04  4.7944368E-17
 -1.4462151E+04  5.7938007E-17
 -1.4432721E+04  5.9158263E-17
 -1.4403326E+04  5.9835307E-17
 -1.4373914E+04  6.5104593E-17
 -1.4344520E+04  7.5170971E-17
 -1.4315089E+04  8.0201923E-17
 -1.4285694E+04  6.8838897E-17
 -1.4256282E+04  4.8599048E-17
 -1.4226852E+04  3.0436673E-17
 -1.4197457E+04  2.2724200E-17
 -1.4168045E+04  2.4926988E-17
 -1.4138650E+04  2.7196799E-17
 -1.4109221E+04  2.9480135E-17
 -1.4079808E+04  3.5005278E-17
 -1.4050413E+04  4.1205876E-17
 -1.4020983E+04  4.5088967E-17
 -1.3991589E+04  4.4168877E-17
 -1.3962176E+04  4.0779687E-17
 -1.3932746E+04  4.1180151E-17
 -1.3903352E+04  4.3225785E-17
 -1.3873921E+04  4.2256753E-17
 -1.3844509E+04  3.7030719E-17
 -1.3815096E+04  2.9873105E-17
 -1.3785701E+04  2.9484423E-17
 -1.3756289E+04  3.2895769E-17
 -1.3726858E+04  2.8536064E-17
 -1.3697464E+04  1.8719402E-17
 -1.3668052E+04  1.0824842E-17
 -1.3638640E+04  1.2727649E-17
 -1.3609228E+04  2.5127813E-17
 -1.3579814E+04  3.5937755E-17
 -1.3550420E+04  4.2502813E-17
 -1.3520990E+04  4.9116502E-17
 -1.3491596E+04  5.2469271E-17
 -1.3462183E+04  4.9118647E-17
 -1.3432788E+04  4.0720126E-17
 -1.3403358E+04  3.3152049E-17
 -1.3373945E+04  3.7593969E-17
 -1.3344551E+04  4.9805855E-17
 -1.3315121E+04  5.6490798E-17
 -1.3285727E+04  5.4154678E-17
 -1.3256313E+04  4.5240189E-17
 -1.3226884E+04  4.0797474E-17
 -1.3197489E+04  4.6541314E-17
 -1.3168076E+04  5.9147967E-17
 -1.3138682E+04  6.9349605E-17
 -1.3109252E+04  6.6937890E-17
 -1.3079857E+04  6.0092911E-17
 -1.3050445E+04  5.7903119E-17
 -1.3021015E+04  5.7017546E-17
 -1.2991620E+04  5.5556282E-17
 -1.2962208E+04  5.4318846E-17
 -1.2932813E+04  5.4903428E-17
 -1.2903383E+04  5.8734429E-17
 -1.2873971E+04  6.1654178E-17
 -1.2844576E+04  6.1250938E-17
 -1.2815146E+04  6.2886029E-17
 -1.2785751E+04  6.8007455E-17
 -1.2756339E+04  7.3431351E-17
 -1.2726944E+04  7.4714765E-17
 -1.2697514E+04  6.8992819E-17
 -1.2668102E+04  6.7184456E-17
 -1.2638707E+04  7.4360890E-17
 -1.2609276E+04  7.4876627E-17
 -1.2579882E+04  6.8500084E-17
 -1.2550470E+04  7.0473750E-17
 -1.2521039E+04  7.5648963E-17
 -1.2491645E+04  7.4001589E-17
 -1.2462232E+04  7.3248683E-17
 -1.2432838E+04  7.9049343E-17
 -1.2403407E+04  8.7344661E-17
 -1.2373995E+04  9.3478900E-17
 -1.2344601E+04  9.3100647E-17
 -1.2315170E+04  8.5973838E-17
 -1.2285775E+04  7.4921944E-17
 -1.2256363E+04  6.6720494E-17
 -1.2226969E+04  6.5580758E-17
 -1.2197538E+04  6.9577854E-17
 -1.2168126E+04  7.7778430E-17
 -1.2138731E+04  9.0223673E-17
 -1.2109301E+04  1.1112969E-16
 -1.2079906E+04  1.4312623E-16
 -1.2050494E+04  1.7824951E-16
 -1.2021082E+04  2.1025013E-16
 -1.1991670E+04  2.3980768E-16
 -1.1962257E+04  2.5485779E-16
 -1.1932845E+04  2.3856019E-16
 -1.1903414E+04  2.0016103E-16
 -1.1874020E+04  1.5721301E-16
 -1.1844607E+04  1.2451392E-16
 -1.1815177E+04  1.0864057E-16
 -1.1785782E+04  1.0379994E-16
 -1.1756370E+04  1.0433135E-16
 -1.1726976E+04  1.0539927E-16
 -1.1697545E+04  1.0419231E-16
 -1.1668133E+04  1.0090796E-16
 -1.1638738E+04  1.0059586E-16
 -1.1609308E+04  1.0821492E-16
 -1.1579913E+04  1.2719158E-16
 -1.1550501E+04  1.5392889E-16
 -1.1521106E+04  1.8104008E-16
 -1.1491677E+04  2.0632878E-16
 -1.1462264E+04  2.2716630E-16
 -1.1432869E+04  2.3711311E-16
 -1.1403439E+04  2.3186013E-16
 -1.1374045E+04  2.0971308E-16
 -1.1344632E+04  1.8517435E-16
 -1.1315202E+04  1.7604455E-16
 -1.1285808E+04  1.6998180E-16
 -1.1256395E+04  1.5748823E-16
 -1.1227000E+04  1.5303683E-16
 -1.1197570E+04  1.5985169E-16
 -1.1168157E+04  1.6840016E-16
 -1.1138763E+04  1.7549734E-16
 -1.1109351E+04  1.7969637E-16
 -1.1079938E+04  1.7123896E-16
 -1.1050525E+04  1.5052228E-16
 -1.1021131E+04  1.4249424E-16
 -1.0991701E+04  1.4895726E-16
 -1.0962289E+04  1.4973668E-16
 -1.0932895E+04  1.4829768E-16
 -1.0903481E+04  1.5374498E-16
 -1.0874069E+04  1.5774710E-16
 -1.0844657E+04  1.5627464E-16
 -1.0815244E+04  1.5847767E-16
 -1.0785832E+04  1.6507370E-16
 -1.0756420E+04  1.6981064E-16
 -1.0727025E+04  1.7354384E-16
 -1.0697612E+04  1.7740066E-16
 -1.0668200E+04  1.7238787E-16
 -1.0638788E+04  1.5771982E-16
 -1.0609375E+04  1.4832259E-16
 -1.0579980E+04  1.4970164E-16
 -1.0550551E+04  1.5926324E-16
 -1.0521156E+04  1.6902107E-16
 -1.0491743E+04  1.7212419E-16
 -1.0462313E+04  1.7388389E-16
 -1.0432919E+04  1.7717441E-16
 -1.0403507E+04  1.7844454E-16
 -1.0374112E+04  1.7700625E-16
 -1.0344682E+04  1.7409067E-16
 -1.0315287E+04  1.7210293E-16
 -1.0285875E+04  1.7311921E-16
 -1.0256444E+04  1.7726637E-16
 -1.0227050E+04  1.8278636E-16
 -1.0197638E+04  1.8597516E-16
 -1.0168243E+04  1.8590372E-16
 -1.0138812E+04  1.8371655E-16
 -1.0109400E+04  1.8171857E-16
 -1.0080006E+04  1.8189244E-16
 -1.0050575E+04  1.8353245E-16
 -1.0021181E+04  1.8809976E-16
 -9.9917324E+03  1.9974836E-16
 -9.9623379E+03  2.1549300E-16
 -9.9329258E+03  2.2883789E-16
 -9.9035137E+03  2.3327835E-16
 -9.8741006E+03  2.2789056E-16
 -9.8446885E+03  2.2533056E-16
 -9.8152939E+03  2.2971401E-16
 -9.7858633E+03  2.3450324E-16
 -9.7564512E+03  2.3321980E-16
 -9.7270566E+03  2.2207370E-16
 -9.6976445E+03  2.1315546E-16
 -9.6682314E+03  2.1455399E-16
 -9.6388193E+03  2.1718904E-16
 -9.6094072E+03  2.1693248E-16
 -9.5800127E+03  2.1536657E-16
 -9.5505820E+03  2.1730834E-16
 -9.5211875E+03  2.2649841E-16
 -9.4917754E+03  2.3329701E-16
 -9.4623623E+03  2.3147526E-16
 -9.4329502E+03  2.2661954E-16
 -9.4035381E+03  2.2349060E-16
 -9.3741436E+03  2.2522138E-16
 -9.3447129E+03  2.2808353E-16
 -9.3153184E+03  2.2700549E-16
 -9.2859062E+03  2.2241754E-16
 -9.2564756E+03  2.1863779E-16
 -9.2270811E+03  2.2464280E-16
 -9.1976689E+03  2.4370522E-16
 -9.1682744E+03  2.7311341E-16
 -9.1388438E+03  3.0033710E-16
 -9.1094492E+03  3.1308397E-16
 -9.0800371E+03  3.1174921E-16
 -9.0506064E+03  3.0277574E-16
 -9.0212119E+03  2.9914356E-16
 -8.9917998E+03  2.9820324E-16
 -8.9624053E+03  2.8785036E-16
 -8.9329746E+03  2.7816207E-16
 -8.9035625E+03  2.8116716E-16
 -8.8741680E+03  2.9333516E-16
 -8.8447383E+03  3.0990238E-16
 -8.8153438E+03  3.2678049E-16
 -8.7859307E+03  3.4506476E-16
 -8.7565361E+03  3.6840062E-16
 -8.7271064E+03  3.9147346E-16
 -8.6976934E+03  4.0868781E-16
 -8.6682988E+03  4.2047983E-16
 -8.6388691E+03  4.2911653E-16
 -8.6094746E+03  4.3816771E-16
 -8.5800615E+03  4.4528739E-16
 -8.5506318E+03  4.4461225E-16
 -8.5212373E+03  4.2465354E-16
 -8.4918242E+03  3.8375132E-16
 -8.4624297E+03  3.4751144E-16
 -8.4330000E+03  3.3198893E-16
 -8.4035869E+03  3.3806898E-16
 -8.3741924E+03  3.4988644E-16
 -8.3447627E+03  3.4716312E-16
 -8.3153682E+03  3.3540858E-16
 -8.2859561E+03  3.2611512E-16
 -8.2565615E+03  3.3028959E-16
 -8.2271309E+03  3.4602466E-16
 -8.1977188E+03  3.5760468E-16
 -8.1683237E+03  3.6292577E-16
 -8.1388936E+03  3.6549993E-16
 -8.1094990E+03  3.6380290E-16
 -8.0800864E+03  3.5738480E-16
 -8.0506743E+03  3.4835170E-16
 -8.0212437E+03  3.4084714E-16
 -7.9918315E+03  3.4007470E-16
 -7.9624370E+03  3.4164492E-16
 -7.9330068E+03  3.3879004E-16
 -7.9036123E+03  3.3197839E-16
 -7.8741997E+03  3.2425406E-16
 -7.8447695E+03  3.2113976E-16
 -7.8153750E+03  3.2275214E-16
 -7.7859624E+03  3.2453239E-16
 -7.7565679E+03  3.2272522E-16
 -7.7271377E+03  3.1569294E-16
 -7.6977251E+03  3.0884240E-16
 -7.6683306E+03  3.0565618E-16
 -7.6389004E+03  3.0400375E-16
 -7.6095059E+03  3.0280218E-16
 -7.5800933E+03  3.0178749E-16
 -7.5506987E+03  3.0185223E-16
 -7.5212686E+03  3.0359678E-16
 -7.4918560E+03  3.0486341E-16
 -7.4624614E+03  3.0470205E-16
 -7.4330312E+03  3.0482445E-16
 -7.4036367E+03  3.0367500E-16
 -7.3742246E+03  2.9832350E-16
 -7.3447939E+03  2.9171772E-16
 -7.3153994E+03  2.8773709E-16
 -7.2859873E+03  2.8801566E-16
 -7.2565928E+03  2.9113211E-16
 -7.2271621E+03  2.9189467E-16
 -7.1977676E+03  2.9016408E-16
 -7.1683555E+03  2.8884123E-16
 -7.1389253E+03  2.9049935E-16
 -7.1095308E+03  2.9553009E-16
 -7.0801182E+03  2.9809392E-16
 -7.0507236E+03  2.9660079E-16
 -7.0212935E+03  2.9543223E-16
 -6.9918809E+03  2.9793230E-16
 -6.9624863E+03  3.0586579E-16
 -6.9330562E+03  3.1662425E-16
 -6.9036616E+03  3.2549756E-16
 -6.8742490E+03  3.2524959E-16
 -6.8448369E+03  3.1760482E-16
 -6.8154243E+03  3.1404927E-16
 -6.7860117E+03  3.1856883E-16
 -6.7566172E+03  3.3058886E-16
 -6.7272051E+03  3.4791418E-16
 -6.6977925E+03  3.6635395E-16
 -6.6683799E+03  3.7965544E-16
 -6.6389678E+03  3.8492436E-16
 -6.6095552E+03  3.8308415E-16
 -6.5801431E+03  3.7881177E-16
 -6.5507485E+03  3.7682283E-16
 -6.5213359E+03  3.7223824E-16
 -6.4919058E+03  3.6364975E-16
 -6.4625112E+03  3.6071848E-16
 -6.4330986E+03  3.6452058E-16
 -6.4036860E+03  3.6851272E-16
 -6.3742739E+03  3.7280514E-16
 -6.3448794E+03  3.7921138E-16
 -6.3154668E+03  3.8689207E-16
 -6.2860366E+03  3.9421633E-16
 -6.2566421E+03  3.9827701E-16
 -6.2272295E+03  4.0087925E-16
 -6.1978350E+03  4.0691603E-16
 -6.1684048E+03  4.0995563E-16
 -6.1389922E+03  4.0344190E-16
 -6.1095977E+03  3.9338807E-16
 -6.0801499E+03  3.8821833E-16
 -6.0507554E+03  3.9739525E-16
 -6.0213247E+03  4.1582335E-16
 -5.9919302E+03  4.2917084E-16
 -5.9625181E+03  4.3802377E-16
 -5.9331055E+03  4.4635735E-16
 -5.9036929E+03  4.5418118E-16
 -5.8742808E+03  4.5850778E-16
 -5.8448862E+03  4.5201839E-16
 -5.8154561E+03  4.3906080E-16
 -5.7860435E+03  4.3043822E-16
 -5.7566489E+03  4.2907844E-16
 -5.7272363E+03  4.3407575E-16
 -5.6978242E+03  4.4061823E-16
 -5.6684116E+03  4.4517511E-16
 -5.6389990E+03  4.4700311E-16
 -5.6095869E+03  4.4933436E-16
 -5.5801743E+03  4.5645457E-16
 -5.5507798E+03  4.6409660E-16
 -5.5213677E+03  4.6731946E-16
 -5.4919551E+03  4.6454580E-16
 -5.4625425E+03  4.5972422E-16
 -5.4331304E+03  4.6270853E-16
 -5.4037178E+03  4.6877535E-16
 -5.3743052E+03  4.6767378E-16
 -5.3449106E+03  4.6090938E-16
 -5.3154985E+03  4.5307252E-16
 -5.2860684E+03  4.4948513E-16
 -5.2566738E+03  4.5256552E-16
 -5.2272612E+03  4.6105824E-16
 -5.1978667E+03  4.6941068E-16
 -5.1684365E+03  4.7194362E-16
 -5.1390420E+03  4.7281252E-16
 -5.1096294E+03  4.7560185E-16
 -5.0801992E+03  4.7777550E-16
 -5.0508047E+03  4.7975925E-16
 -5.0213921E+03  4.8461645E-16
 -4.9919976E+03  4.9604833E-16
 -4.9625674E+03  5.1624297E-16
 -4.9331548E+03  5.4070698E-16
 -4.9037603E+03  5.6445714E-16
 -4.8743301E+03  5.8482638E-16
 -4.8449355E+03  5.9840241E-16
 -4.8155229E+03  6.0177064E-16
 -4.7861284E+03  5.9316351E-16
 -4.7566982E+03  5.7270756E-16
 -4.7272861E+03  5.4062968E-16
 -4.6978916E+03  5.0593701E-16
 -4.6684609E+03  4.9188040E-16
 -4.6390664E+03  4.9853855E-16
 -4.6096543E+03  5.0872015E-16
 -4.5802236E+03  5.1305707E-16
 -4.5508291E+03  5.0871645E-16
 -4.5214170E+03  5.0832904E-16
 -4.4920225E+03  5.1605403E-16
 -4.4625923E+03  5.1832138E-16
 -4.4331797E+03  5.1554459E-16
 -4.4037852E+03  5.1625223E-16
 -4.3743550E+03  5.1655537E-16
 -4.3449604E+03  5.1145247E-16
 -4.3155479E+03  5.0235099E-16
 -4.2861533E+03  4.9358134E-16
 -4.2567231E+03  4.9241244E-16
 -4.2273105E+03  4.9807147E-16
 -4.1979160E+03  5.0493265E-16
 -4.1684858E+03  5.0993369E-16
 -4.1390732E+03  5.1192342E-16
 -4.1096611E+03  5.1325204E-16
 -4.0802307E+03  5.1595577E-16
 -4.0508362E+03  5.2058528E-16
 -4.0214238E+03  5.2838519E-16
 -3.9920293E+03  5.3946883E-16
 -3.9625989E+03  5.4544390E-16
 -3.9332043E+03  5.4012078E-16
 -3.9037920E+03  5.2702422E-16
 -3.8743618E+03  5.1343029E-16
 -3.8449670E+03  5.0888824E-16
 -3.8155547E+03  5.1524945E-16
 -3.7861602E+03  5.2889981E-16
 -3.7567300E+03  5.4144151E-16
 -3.7273174E+03  5.4625599E-16
 -3.6979229E+03  5.4312605E-16
 -3.6684927E+03  5.3738798E-16
 -3.6390981E+03  5.3886383E-16
 -3.6096858E+03  5.4120281E-16
 -3.5802913E+03  5.3487505E-16
 -3.5508608E+03  5.3179990E-16
 -3.5214485E+03  5.3909613E-16
 -3.4920540E+03  5.4657496E-16
 -3.4626235E+03  5.4880609E-16
 -3.4332290E+03  5.4550886E-16
 -3.4038167E+03  5.4423704E-16
 -3.3743865E+03  5.5233144E-16
 -3.3449919E+03  5.6132667E-16
 -3.3155793E+03  5.6569408E-16
 -3.2861848E+03  5.7048124E-16
 -3.2567546E+03  5.7676422E-16
 -3.2273601E+03  5.8252700E-16
 -3.1979478E+03  5.8738103E-16
 -3.1685173E+03  5.9110459E-16
 -3.1391228E+03  5.9250209E-16
 -3.1097104E+03  5.9110798E-16
 -3.0803159E+03  5.8742889E-16
 -3.0508855E+03  5.8498668E-16
 -3.0214731E+03  5.8839715E-16
 -2.9920786E+03  5.9530010E-16
 -2.9626484E+03  6.0099857E-16
 -2.9332539E+03  6.0088327E-16
 -2.9038413E+03  5.9448594E-16
 -2.8744290E+03  5.8716133E-16
 -2.8450166E+03  5.8484618E-16
 -2.8156042E+03  5.9220901E-16
 -2.7862097E+03  6.0474627E-16
 -2.7567793E+03  6.1632997E-16
 -2.7273848E+03  6.2547719E-16
 -2.6979724E+03  6.3122039E-16
 -2.6685601E+03  6.3286522E-16
 -2.6391475E+03  6.3312669E-16
 -2.6097351E+03  6.3590019E-16
 -2.5803406E+03  6.3993969E-16
 -2.5509104E+03  6.4388660E-16
 -2.5214978E+03  6.5002018E-16
 -2.4921033E+03  6.5860417E-16
 -2.4626909E+03  6.6722781E-16
 -2.4332786E+03  6.7640510E-16
 -2.4038662E+03  6.8722107E-16
 -2.3744717E+03  6.9530298E-16
 -2.3450591E+03  6.9735714E-16
 -2.3156289E+03  6.9475061E-16
 -2.2862344E+03  6.9224805E-16
 -2.2568220E+03  6.9719997E-16
 -2.2274094E+03  7.0925605E-16
 -2.1979971E+03  7.2431349E-16
 -2.1685491E+03  7.3977253E-16
 -2.1391545E+03  7.5394281E-16
 -2.1097419E+03  7.6766088E-16
 -2.0803474E+03  7.7789002E-16
 -2.0509172E+03  7.7836992E-16
 -2.0215226E+03  7.7638945E-16
 -1.9921102E+03  7.8128138E-16
 -1.9626799E+03  7.8533231E-16
 -1.9332854E+03  7.8322156E-16
 -1.9038730E+03  7.7967625E-16
 -1.8744784E+03  7.7984428E-16
 -1.8450482E+03  7.8831890E-16
 -1.8156357E+03  8.0220267E-16
 -1.7862412E+03  8.1613710E-16
 -1.7568109E+03  8.2827604E-16
 -1.7274164E+03  8.3725056E-16
 -1.6980040E+03  8.4145047E-16
 -1.6685916E+03  8.4494528E-16
 -1.6391792E+03  8.5508850E-16
 -1.6097667E+03  8.7067046E-16
 -1.5803722E+03  8.8836667E-16
 -1.5509597E+03  9.0944424E-16
 -1.5215474E+03  9.3208268E-16
 -1.4921349E+03  9.4928041E-16
 -1.4627225E+03  9.6103162E-16
 -1.4333102E+03  9.7208624E-16
 -1.4038977E+03  9.8404582E-16
 -1.3745032E+03  9.9852077E-16
 -1.3450907E+03  1.0211302E-15
 -1.3156605E+03  1.0493944E-15
 -1.2862659E+03  1.0690996E-15
 -1.2568535E+03  1.0830735E-15
 -1.2274410E+03  1.1024983E-15
 -1.1980287E+03  1.1200040E-15
 -1.1686342E+03  1.1282291E-15
 -1.1392217E+03  1.1317304E-15
 -1.1097915E+03  1.1390455E-15
 -1.0803969E+03  1.1620098E-15
 -1.0509845E+03  1.1919582E-15
 -1.0215721E+03  1.2116256E-15
 -9.9215967E+02  1.2189278E-15
 -9.6274725E+02  1.2210002E-15
 -9.3335272E+02  1.2397768E-15
 -9.0392242E+02  1.2760853E-15
 -8.7452789E+02  1.3057066E-15
 -8.4511548E+02  1.3353805E-15
 -8.1572095E+02  1.3834770E-15
 -7.8629065E+02  1.4530640E-15
 -7.5687823E+02  1.5374621E-15
 -7.2748370E+02  1.6153220E-15
 -6.9805341E+02  1.6773660E-15
 -6.6865887E+02  1.7282980E-15
 -6.3924646E+02  1.7572249E-15
 -6.0981616E+02  1.7510602E-15
 -5.8042163E+02  1.7073430E-15
 -5.5100922E+02  1.6399391E-15
 -5.2161469E+02  1.5896112E-15
 -4.9218439E+02  1.5705158E-15
 -4.6278986E+02  1.5702762E-15
 -4.3337744E+02  1.5930253E-15
 -4.0394714E+02  1.6427591E-15
 -3.7455261E+02  1.7020536E-15
 -3.4514020E+02  1.7577586E-15
 -3.1574564E+02  1.8106015E-15
 -2.8631537E+02  1.8731666E-15
 -2.5690295E+02  1.9691475E-15
 -2.2747267E+02  2.1055583E-15
 -1.9806026E+02  2.3014709E-15
 -1.6866571E+02  2.6086586E-15
 -1.3925330E+02  3.1401978E-15
 -1.0982302E+02  4.0794242E-15
 -8.0428474E+01  5.5006781E-15
 -5.1016064E+01  7.3388900E-15
 -2.1621519E+01  9.2500199E-15
  7.7908945E+00  1.0786173E-14
  3.7203308E+01  1.1528444E-14
  6.6615723E+01  1.1219073E-14
  9.6028130E+01  9.8327201E-15
  1.2544054E+02  7.7674581E-15
  1.5485295E+02  5.6612472E-15
  1.8426537E+02  3.9827951E-15
  2.1367778E+02  2.9749991E-15
  2.4309019E+02  2.4505138E-15
  2.7250262E+02  2.1892162E-15
  3.0191501E+02  2.0461881E-15
  3.3129169E+02  1.9399164E-15
  3.6073984E+02  1.8498522E-15
  3.9011652E+02  1.7749913E-15
  4.1952893E+02  1.7215129E-15
  4.4897708E+02  1.6802347E-15
  4.7835376E+02  1.6452321E-15
  5.0776617E+02  1.6138949E-15
  5.3717859E+02  1.5867172E-15
  5.6659100E+02  1.5644671E-15
  5.9600342E+02  1.5368924E-15
  6.2541583E+02  1.4975925E-15
  6.5482825E+02  1.4546487E-15
  6.8424066E+02  1.4152712E-15
  7.1365308E+02  1.3846691E-15
  7.4302972E+02  1.3696584E-15
  7.7247791E+02  1.3785478E-15
  8.0189032E+02  1.4216505E-15
  8.3126697E+02  1.5126107E-15
  8.6071515E+02  1.6772533E-15
  8.9009180E+02  1.8805838E-15
  9.1950421E+02  2.0342585E-15
  9.4895239E+02  2.0848985E-15
  9.7832904E+02  2.0085891E-15
  1.0077415E+03  1.8163199E-15
  1.0371538E+03  1.5526089E-15
  1.0665663E+03  1.2981208E-15
  1.0959786E+03  1.1036728E-15
  1.1253911E+03  9.8427505E-16
  1.1548035E+03  9.2523113E-16
  1.1842159E+03  8.9721764E-16
  1.2136283E+03  8.7461530E-16
  1.2430050E+03  8.4493082E-16
  1.2724531E+03  8.1885703E-16
  1.3018656E+03  8.0003326E-16
  1.3312423E+03  7.8578389E-16
  1.3606904E+03  7.6676339E-16
  1.3900671E+03  7.3823903E-16
  1.4194795E+03  7.2290620E-16
  1.4488920E+03  7.2754122E-16
  1.4783043E+03  7.2792974E-16
  1.5077167E+03  7.1918529E-16
  1.5371292E+03  7.0947681E-16
  1.5665415E+03  7.0167839E-16
  1.5959540E+03  6.9702648E-16
  1.6253663E+03  6.9505274E-16
  1.6547788E+03  6.9308778E-16
  1.6841912E+03  6.8604290E-16
  1.7136036E+03  6.7602885E-16
  1.7430160E+03  6.6884861E-16
  1.7724285E+03  6.6249327E-16
  1.8018408E+03  6.5499131E-16
  1.8312533E+03  6.5097817E-16
  1.8606656E+03  6.5030812E-16
  1.8900781E+03  6.4645809E-16
  1.9194905E+03  6.3948711E-16
  1.9488672E+03  6.3293182E-16
  1.9783153E+03  6.3087326E-16
  2.0077278E+03  6.3369065E-16
  2.0371044E+03  6.3084028E-16
  2.0665525E+03  6.2270707E-16
  2.0959292E+03  6.2274783E-16
  2.1253416E+03  6.2859030E-16
  2.1547898E+03  6.3181241E-16
  2.1841665E+03  6.3455516E-16
  2.2135789E+03  6.3883521E-16
  2.2429912E+03  6.4161380E-16
  2.2724038E+03  6.4256211E-16
  2.3018162E+03  6.4444580E-16
  2.3312285E+03  6.4020937E-16
  2.3606409E+03  6.2376877E-16
  2.3900535E+03  6.1495841E-16
  2.4194658E+03  6.2577349E-16
  2.4488425E+03  6.4217501E-16
  2.4782905E+03  6.5453883E-16
  2.5077031E+03  6.5904886E-16
  2.5370796E+03  6.5404427E-16
  2.5664922E+03  6.4140331E-16
  2.5959045E+03  6.3013153E-16
  2.6253169E+03  6.2602278E-16
  2.6547292E+03  6.2663127E-16
  2.6841418E+03  6.2727358E-16
  2.7135542E+03  6.2249494E-16
  2.7429666E+03  6.1884661E-16
  2.7723789E+03  6.2333980E-16
  2.8017915E+03  6.2743997E-16
  2.8312039E+03  6.2554066E-16
  2.8606162E+03  6.2035285E-16
  2.8900286E+03  6.1631335E-16
  2.9194412E+03  6.1820890E-16
  2.9488179E+03  6.2299506E-16
  2.9782302E+03  6.2559609E-16
  3.0076782E+03  6.2386062E-16
  3.0370549E+03  6.1702681E-16
  3.0664673E+03  6.0594731E-16
  3.0958799E+03  5.9380969E-16
  3.1252922E+03  5.8471023E-16
  3.1547046E+03  5.7712420E-16
  3.1841169E+03  5.7037790E-16
  3.2135295E+03  5.7224969E-16
  3.2429419E+03  5.8375584E-16
  3.2723542E+03  5.9681867E-16
  3.3017310E+03  5.9923483E-16
  3.3311792E+03  5.8078445E-16
  3.3605916E+03  5.5744551E-16
  3.3899683E+03  5.4609204E-16
  3.4194163E+03  5.4656580E-16
  3.4487930E+03  5.5269546E-16
  3.4782056E+03  5.5310484E-16
  3.5076179E+03  5.4870297E-16
  3.5370303E+03  5.4643625E-16
  3.5664426E+03  5.4792560E-16
  3.5958550E+03  5.5204229E-16
  3.6252676E+03  5.5354154E-16
  3.6546799E+03  5.5013403E-16
  3.6841282E+03  5.4342992E-16
  3.7135405E+03  5.3557438E-16
  3.7429172E+03  5.2875598E-16
  3.7723296E+03  5.2421344E-16
  3.8017419E+03  5.2106947E-16
  3.8311543E+03  5.1406281E-16
  3.8605669E+03  5.0492751E-16
  3.8899792E+03  5.0187719E-16
  3.9193916E+03  5.0340020E-16
  3.9488040E+03  5.0494498E-16
  3.9782166E+03  5.0892979E-16
  4.0076289E+03  5.1428717E-16
  4.0370413E+03  5.1065202E-16
  4.0664536E+03  5.0025692E-16
  4.0958303E+03  4.9545652E-16
  4.1252783E+03  4.9477339E-16
  4.1546553E+03  4.9329711E-16
  4.1840674E+03  4.9445972E-16
  4.2135156E+03  4.9881802E-16
  4.2428926E+03  5.0060050E-16
  4.2723047E+03  4.9700039E-16
  4.3017173E+03  4.8818776E-16
  4.3311299E+03  4.8035604E-16
  4.3605420E+03  4.7937951E-16
  4.3899546E+03  4.8325506E-16
  4.4193667E+03  4.8657882E-16
  4.4487793E+03  4.8055948E-16
  4.4781919E+03  4.6819492E-16
  4.5075684E+03  4.5989495E-16
  4.5370166E+03  4.5752596E-16
  4.5664292E+03  4.5935126E-16
  4.5958057E+03  4.5934321E-16
  4.6252539E+03  4.5883118E-16
  4.6546304E+03  4.7085270E-16
  4.6840430E+03  4.8876257E-16
  4.7134551E+03  4.9592302E-16
  4.7428677E+03  4.8890567E-16
  4.7722803E+03  4.7171890E-16
  4.8016924E+03  4.5886824E-16
  4.8311050E+03  4.5533225E-16
  4.8605176E+03  4.5185327E-16
  4.8899297E+03  4.4577872E-16
  4.9193423E+03  4.3827901E-16
  4.9487544E+03  4.3242199E-16
  4.9781670E+03  4.3041045E-16
  5.0075435E+03  4.3054478E-16
  5.0369917E+03  4.3052006E-16
  5.0663687E+03  4.2818588E-16
  5.0957808E+03  4.2539924E-16
  5.1252290E+03  4.2674203E-16
  5.1546060E+03  4.3923285E-16
  5.1840181E+03  4.6801789E-16
  5.2134307E+03  5.1444451E-16
  5.2428428E+03  5.6720164E-16
  5.2722554E+03  6.0429554E-16
  5.3016680E+03  6.1114857E-16
  5.3310801E+03  5.8254109E-16
  5.3604927E+03  5.3257938E-16
  5.3899053E+03  4.7930132E-16
  5.4193174E+03  4.3714820E-16
  5.4487300E+03  4.1212449E-16
  5.4781421E+03  4.0128234E-16
  5.5075190E+03  3.9850118E-16
  5.5369673E+03  3.9701276E-16
  5.5663438E+03  3.9482985E-16
  5.5957563E+03  3.9075512E-16
  5.6252046E+03  3.8286167E-16
  5.6546167E+03  3.7365927E-16
  5.6840293E+03  3.6844562E-16
  5.7134058E+03  3.6567048E-16
  5.7428540E+03  3.6202593E-16
  5.7722666E+03  3.5713781E-16
  5.8016431E+03  3.5207348E-16
  5.8310913E+03  3.4992837E-16
  5.8604678E+03  3.4951102E-16
  5.8898804E+03  3.4686333E-16
  5.9192930E+03  3.4253869E-16
  5.9487051E+03  3.3823312E-16
  5.9781177E+03  3.3414325E-16
  6.0075298E+03  3.3111783E-16
  6.0369424E+03  3.3101301E-16
  6.0663550E+03  3.3301751E-16
  6.0957671E+03  3.3472482E-16
  6.1251797E+03  3.3371311E-16
  6.1545923E+03  3.2953195E-16
  6.1840044E+03  3.2759322E-16
  6.2133813E+03  3.3004260E-16
  6.2428291E+03  3.3388358E-16
  6.2722061E+03  3.3463455E-16
  6.3016182E+03  3.2840865E-16
  6.3310664E+03  3.2326142E-16
  6.3604434E+03  3.2463210E-16
  6.3898555E+03  3.2112459E-16
  6.4192681E+03  3.1089595E-16
  6.4486807E+03  3.0491540E-16
  6.4780928E+03  3.0551809E-16
  6.5075054E+03  3.0997737E-16
  6.5369175E+03  3.1132992E-16
  6.5663301E+03  3.0580147E-16
  6.5957427E+03  3.0043343E-16
  6.6251548E+03  2.9877817E-16
  6.6545674E+03  2.9941548E-16
  6.6839800E+03  3.0152724E-16
  6.7133564E+03  3.0395843E-16
  6.7428047E+03  3.0255053E-16
  6.7721812E+03  2.9669627E-16
  6.8015938E+03  2.9492552E-16
  6.8310059E+03  2.9839279E-16
  6.8604185E+03  3.0082621E-16
  6.8898311E+03  3.0362158E-16
  6.9192432E+03  3.1023392E-16
  6.9486558E+03  3.1996122E-16
  6.9780684E+03  3.3071036E-16
  7.0074805E+03  3.3940907E-16
  7.0368931E+03  3.4265821E-16
  7.0663052E+03  3.3753956E-16
  7.0957178E+03  3.2568033E-16
  7.1250942E+03  3.1028588E-16
  7.1545068E+03  2.9121673E-16
  7.1839551E+03  2.7166747E-16
  7.2133315E+03  2.6128076E-16
  7.2427441E+03  2.6061200E-16
  7.2721567E+03  2.6319021E-16
  7.3015688E+03  2.6610530E-16
  7.3309814E+03  2.6799614E-16
  7.3603936E+03  2.6961990E-16
  7.3898062E+03  2.7050871E-16
  7.4192188E+03  2.6739991E-16
  7.4486309E+03  2.6135474E-16
  7.4780078E+03  2.5622220E-16
  7.5074561E+03  2.5378746E-16
  7.5368682E+03  2.5488780E-16
  7.5662808E+03  2.5920923E-16
  7.5956929E+03  2.6686842E-16
  7.6251055E+03  2.7923905E-16
  7.6545181E+03  2.9122531E-16
  7.6839302E+03  2.9500135E-16
  7.7133428E+03  2.9101270E-16
  7.7427554E+03  2.8174923E-16
  7.7721675E+03  2.6744854E-16
  7.8015801E+03  2.5117494E-16
  7.8309565E+03  2.3901163E-16
  7.8604048E+03  2.3207951E-16
  7.8898174E+03  2.2822683E-16
  7.9191938E+03  2.2257982E-16
  7.9486064E+03  2.1282906E-16
  7.9780186E+03  2.0469411E-16
  8.0074312E+03  2.0331545E-16
  8.0368438E+03  2.1183632E-16
  8.0662559E+03  2.2338173E-16
  8.0956685E+03  2.2765016E-16
  8.1250806E+03  2.2314434E-16
  8.1544932E+03  2.1296624E-16
  8.1839058E+03  2.0595053E-16
  8.2133184E+03  2.0377669E-16
  8.2427305E+03  2.0009833E-16
  8.2721426E+03  1.9558113E-16
  8.3015557E+03  1.9312642E-16
  8.3309316E+03  1.9181478E-16
  8.3603447E+03  1.9060565E-16
  8.3897930E+03  1.8953839E-16
  8.4191689E+03  1.8827449E-16
  8.4485820E+03  1.8620627E-16
  8.4779941E+03  1.8461319E-16
  8.5074062E+03  1.8464749E-16
  8.5368184E+03  1.8283263E-16
  8.5662314E+03  1.7854642E-16
  8.5956436E+03  1.7802661E-16
  8.6250557E+03  1.8147898E-16
  8.6544688E+03  1.8424191E-16
  8.6838447E+03  1.8309634E-16
  8.7132930E+03  1.7696001E-16
  8.7427061E+03  1.7084209E-16
  8.7720820E+03  1.6818898E-16
  8.8015303E+03  1.6806788E-16
  8.8309072E+03  1.6829790E-16
  8.8603193E+03  1.6628059E-16
  8.8897676E+03  1.6775980E-16
  8.9191445E+03  1.7700588E-16
  8.9485566E+03  1.8359308E-16
  8.9779697E+03  1.8245534E-16
  9.0073818E+03  1.7957534E-16
  9.0367939E+03  1.7666124E-16
  9.0662061E+03  1.7280653E-16
  9.0956191E+03  1.6711355E-16
  9.1250312E+03  1.5953421E-16
  9.1544434E+03  1.5280691E-16
  9.1838203E+03  1.4934633E-16
  9.2132686E+03  1.5044798E-16
  9.2426807E+03  1.5496822E-16
  9.2720576E+03  1.6013642E-16
  9.3015059E+03  1.6159512E-16
  9.3308828E+03  1.5747722E-16
  9.3602949E+03  1.5404186E-16
  9.3897432E+03  1.5250315E-16
  9.4191201E+03  1.4708012E-16
  9.4485322E+03  1.3929041E-16
  9.4779443E+03  1.3412814E-16
  9.5073574E+03  1.3720293E-16
  9.5367695E+03  1.4888250E-16
  9.5661816E+03  1.5727590E-16
  9.5956299E+03  1.5501971E-16
  9.6250068E+03  1.4121479E-16
  9.6544189E+03  1.2948373E-16
  9.6838311E+03  1.3506777E-16
  9.7132441E+03  1.4360401E-16
  9.7426562E+03  1.4287786E-16
  9.7720684E+03  1.4012418E-16
  9.8014814E+03  1.3802720E-16
  9.8308936E+03  1.3455709E-16
  9.8603057E+03  1.2974292E-16
  9.8896826E+03  1.2476300E-16
  9.9191309E+03  1.2430703E-16
  9.9485430E+03  1.2944005E-16
  9.9779199E+03  1.3305130E-16
  1.0007368E+04  1.3197033E-16
  1.0036745E+04  1.2709502E-16
  1.0066157E+04  1.2199223E-16
  1.0095605E+04  1.2005384E-16
  1.0124981E+04  1.1830657E-16
  1.0154395E+04  1.1551041E-16
  1.0183807E+04  1.1580132E-16
  1.0213219E+04  1.1752900E-16
  1.0242632E+04  1.1535075E-16
  1.0272044E+04  1.1114510E-16
  1.0301456E+04  1.0900673E-16
  1.0330869E+04  1.1288980E-16
  1.0360281E+04  1.2153305E-16
  1.0389658E+04  1.2522501E-16
  1.0419106E+04  1.2405721E-16
  1.0448519E+04  1.2457070E-16
  1.0477896E+04  1.2729338E-16
  1.0507343E+04  1.3084070E-16
  1.0536720E+04  1.3412640E-16
  1.0566133E+04  1.3391032E-16
  1.0595545E+04  1.2417834E-16
  1.0624957E+04  1.0970331E-16
  1.0654369E+04  1.0078142E-16
  1.0683782E+04  9.8879106E-17
  1.0713194E+04  1.0187916E-16
  1.0742606E+04  1.0520199E-16
  1.0772020E+04  1.0593214E-16
  1.0801432E+04  1.0432737E-16
  1.0830844E+04  1.0111379E-16
  1.0860257E+04  9.7394125E-17
  1.0889633E+04  9.3752254E-17
  1.0919081E+04  9.0777183E-17
  1.0948494E+04  8.9282097E-17
  1.0977870E+04  8.9969696E-17
  1.1007283E+04  9.3617450E-17
  1.1036695E+04  9.4365373E-17
  1.1066107E+04  8.5781859E-17
  1.1095521E+04  7.6119675E-17
  1.1124933E+04  7.3219725E-17
  1.1154345E+04  7.6388899E-17
  1.1183757E+04  8.1615410E-17
  1.1213170E+04  8.2267440E-17
  1.1242582E+04  7.9953584E-17
  1.1271994E+04  7.9192340E-17
  1.1301407E+04  7.8907578E-17
  1.1330783E+04  7.7509894E-17
  1.1360231E+04  7.4027080E-17
  1.1389608E+04  7.0105450E-17
  1.1419021E+04  6.9543178E-17
  1.1448434E+04  7.1427483E-17
  1.1477882E+04  7.3347415E-17
  1.1507294E+04  7.4719264E-17
  1.1536706E+04  7.6453697E-17
  1.1566118E+04  8.2407174E-17
  1.1595495E+04  8.8896770E-17
  1.1624943E+04  8.6981337E-17
  1.1654355E+04  7.8907181E-17
  1.1683732E+04  7.0285338E-17
  1.1713181E+04  6.2548777E-17
  1.1742558E+04  5.7213979E-17
  1.1771970E+04  5.6623676E-17
  1.1801382E+04  5.9010086E-17
  1.1830795E+04  6.0064403E-17
  1.1860207E+04  5.9704520E-17
  1.1889619E+04  5.8971943E-17
  1.1919032E+04  5.7116835E-17
  1.1948444E+04  5.5363635E-17
  1.1977856E+04  5.8210592E-17
  1.2007270E+04  6.2476885E-17
  1.2036682E+04  6.1067952E-17
  1.2066094E+04  5.5881808E-17
  1.2095471E+04  5.1046282E-17
  1.2124883E+04  4.8701936E-17
  1.2154331E+04  5.0452062E-17
  1.2183708E+04  5.7294288E-17
  1.2213120E+04  6.4224500E-17
  1.2242532E+04  6.4302771E-17
  1.2271945E+04  6.0811433E-17
  1.2301357E+04  5.8628841E-17
  1.2330770E+04  5.9270178E-17
  1.2360183E+04  6.1544567E-17
  1.2389595E+04  6.1014827E-17
  1.2419007E+04  5.9479659E-17
  1.2448420E+04  6.0829142E-17
  1.2477832E+04  5.8833162E-17
  1.2507244E+04  5.0457938E-17
  1.2536621E+04  4.6612756E-17
  1.2566069E+04  4.8884310E-17
  1.2595446E+04  4.7938333E-17
  1.2624858E+04  4.3754622E-17
  1.2654271E+04  4.0257703E-17
  1.2683684E+04  3.9666814E-17
  1.2713096E+04  4.2377402E-17
  1.2742508E+04  4.5165306E-17
  1.2771920E+04  4.6115729E-17
  1.2801333E+04  4.5183252E-17
  1.2830745E+04  4.1200635E-17
  1.2860157E+04  3.3995588E-17
  1.2889570E+04  2.9366103E-17
  1.2918982E+04  3.0973798E-17
  1.2948359E+04  3.6564507E-17
  1.2977808E+04  4.0836808E-17
  1.3007184E+04  3.7031142E-17
  1.3036597E+04  2.8880938E-17
  1.3066045E+04  2.3130827E-17
  1.3095421E+04  2.0316246E-17
  1.3124834E+04  2.0526972E-17
  1.3154246E+04  2.5229379E-17
  1.3183658E+04  2.9691072E-17
  1.3213071E+04  2.5870317E-17
  1.3242483E+04  2.0775311E-17
  1.3271896E+04  2.3283822E-17
  1.3301308E+04  2.9656132E-17
  1.3330721E+04  3.5613818E-17
  1.3360133E+04  3.9095123E-17
  1.3389545E+04  3.8030085E-17
  1.3418958E+04  3.1413567E-17
  1.3448370E+04  2.2740744E-17
  1.3477782E+04  1.6618707E-17
  1.3507195E+04  1.6758362E-17
  1.3536607E+04  2.2332659E-17
  1.3566020E+04  2.6354239E-17
  1.3595433E+04  2.6811584E-17
  1.3624845E+04  2.5103329E-17
  1.3654222E+04  2.2037441E-17
  1.3683669E+04  1.8474318E-17
  1.3713082E+04  1.4360173E-17
  1.3742459E+04  1.2162731E-17
  1.3771906E+04  1.7519685E-17
  1.3801283E+04  2.6687546E-17
  1.3830695E+04  3.1600152E-17
  1.3860108E+04  3.0682419E-17
  1.3889521E+04  2.4824711E-17
  1.3918933E+04  1.5601368E-17
  1.3948346E+04  9.0858842E-18
  1.3977758E+04  1.5541758E-17
  1.4007170E+04  2.7315886E-17
  1.4036583E+04  3.0625906E-17
  1.4065995E+04  2.9683555E-17
  1.4095407E+04  3.0781945E-17
  1.4124820E+04  3.6068807E-17
  1.4154196E+04  4.2979166E-17
  1.4183645E+04  4.4479262E-17
  1.4213021E+04  3.8352037E-17
  1.4242434E+04  2.6292035E-17
  1.4271882E+04  1.7937828E-17
  1.4301259E+04  1.8086509E-17
  1.4330671E+04  1.7460684E-17
  1.4360083E+04  1.3224647E-17
  1.4389496E+04  9.1322593E-18
  1.4418908E+04  7.5101912E-18
  1.4448320E+04  9.4047656E-18
  1.4477733E+04  1.1577061E-17
  1.4507146E+04  1.2020561E-17
  1.4536558E+04  1.2548873E-17
  1.4565935E+04  1.4954658E-17
  1.4595383E+04  2.0553837E-17
  1.4624795E+04  2.4654825E-17
  1.4654172E+04  2.2537614E-17
  1.4683620E+04  1.8074121E-17
  1.4712997E+04  1.4592128E-17
  1.4742409E+04  1.1771403E-17
  1.4771857E+04  1.1323560E-17
  1.4801234E+04  1.5640252E-17
  1.4830646E+04  2.0590312E-17
  1.4860059E+04  2.1768004E-17
  1.4889471E+04  2.2286760E-17
  1.4918884E+04  2.2042233E-17
  1.4948296E+04  1.4087428E-17
  1.4977708E+04  4.1128479E-18
  1.5007121E+04  4.0348679E-18
  1.5036533E+04  8.3474568E-18
  1.5065910E+04  9.2553173E-18
  1.5095358E+04  7.7833858E-18
  1.5124771E+04  6.9757398E-18
  1.5154147E+04  1.1789428E-17
  1.5183560E+04  1.8425111E-17
  1.5212972E+04  1.9098343E-17
  1.5242385E+04  1.6292890E-17
  1.5271797E+04  1.3907355E-17
  1.5301209E+04  1.2012700E-17
  1.5330622E+04  1.0352490E-17
  1.5360034E+04  8.2585712E-18
  1.5389482E+04  7.4547634E-18
  1.5418858E+04  1.0036043E-17
  1.5448271E+04  1.2482461E-17
  1.5477720E+04  1.1591964E-17
  1.5507096E+04  7.6954796E-18
  1.5536509E+04  4.2096743E-18
  1.5565921E+04  7.4371346E-18
  1.5595333E+04  1.1186817E-17
  1.5624746E+04  6.1768815E-18
  1.5654158E+04 -5.0684334E-19
  1.5683570E+04 -2.1401082E-18
  1.5712983E+04 -5.6235047E-19
  1.5742396E+04  2.4680423E-18
  1.5771772E+04  5.4882706E-18
  1.5801220E+04  7.7194612E-18
  1.5830633E+04  8.7879404E-18
  1.5860010E+04  7.6847858E-18
  1.5889457E+04  4.3228062E-18
  1.5918834E+04  4.7407375E-20
  1.5948246E+04 -1.8275265E-18
  1.5977659E+04  2.9229517E-18
  1.6007071E+04  1.3524628E-17
  1.6036483E+04  2.6499664E-17
  1.6065896E+04  3.6771050E-17
  1.6095309E+04  4.0976969E-17
  1.6124721E+04  3.9645827E-17
  1.6154134E+04  3.4510822E-17
  1.6183546E+04  2.8001983E-17
  1.6212958E+04  2.5627035E-17
  1.6242371E+04  3.0055323E-17
  1.6271747E+04  2.9909210E-17
  1.6301195E+04  2.0334217E-17
  1.6330607E+04  1.0103992E-17
  1.6359984E+04  5.6648505E-18
  1.6389396E+04  1.0477320E-17
  1.6418809E+04  1.7152073E-17
  1.6448223E+04  1.8117426E-17
  1.6477635E+04  1.8209276E-17
  1.6507047E+04  1.9889736E-17
  1.6536459E+04  1.9935847E-17
  1.6565871E+04  1.9252053E-17
  1.6595283E+04  2.0639334E-17
  1.6624695E+04  2.2594551E-17
  1.6654109E+04  2.3568162E-17
  1.6683521E+04  2.5960711E-17
  1.6712898E+04  2.8760554E-17
  1.6742346E+04  2.6297807E-17
  1.6771723E+04  2.0725811E-17
  1.6801135E+04  1.8017714E-17
  1.6830584E+04  2.2292850E-17
  1.6859959E+04  3.2841717E-17
  1.6889373E+04  3.7825659E-17
  1.6918785E+04  3.2762017E-17
  1.6948197E+04  2.3117276E-17
  1.6977609E+04  1.6900107E-17
  1.7007021E+04  2.1173600E-17
  1.7036434E+04  3.1287544E-17
  1.7065848E+04  4.0063070E-17
  1.7095260E+04  4.1918125E-17
  1.7124637E+04  3.5904721E-17
  1.7154084E+04  2.6353260E-17
  1.7183496E+04  1.6753332E-17
  1.7212873E+04  1.0327105E-17
  1.7242320E+04  1.2031282E-17
  1.7271697E+04  2.2867243E-17
  1.7301109E+04  3.6189986E-17
  1.7330559E+04  4.5346332E-17
  1.7359971E+04  4.5212739E-17
  1.7389383E+04  3.9826907E-17
  1.7418795E+04  3.6317093E-17
  1.7448209E+04  3.7832144E-17
  1.7477584E+04  4.2893616E-17
  1.7506998E+04  4.2575929E-17
  1.7536445E+04  3.5590286E-17
  1.7565822E+04  2.7480608E-17
  1.7595234E+04  2.3687884E-17
  1.7624646E+04  2.7726935E-17
  1.7654059E+04  3.6513446E-17
  1.7683471E+04  4.4853730E-17
  1.7712885E+04  4.6522778E-17
  1.7742297E+04  4.1494847E-17
  1.7771709E+04  3.4621757E-17
  1.7801121E+04  3.1481065E-17
  1.7830533E+04  3.5024865E-17
  1.7859945E+04  3.8103221E-17
  1.7889359E+04  3.6985058E-17
  1.7918734E+04  3.6221220E-17
  1.7948184E+04  3.3898020E-17
  1.7977561E+04  2.5480154E-17
  1.8006973E+04  2.2962084E-17
  1.8036420E+04  3.5605639E-17
  1.8065797E+04  5.0357220E-17
  1.8095209E+04  5.6851449E-17
  1.8124623E+04  5.2422763E-17
  1.8154035E+04  4.1870983E-17
  1.8183447E+04  3.4113617E-17
  1.8212859E+04  3.1683400E-17
  1.8242271E+04  3.4372915E-17
  1.8271684E+04  4.0315645E-17
  1.8301096E+04  4.5990974E-17
  1.8330473E+04  4.6977718E-17
  1.8359922E+04  4.3142009E-17
  1.8389334E+04  3.7296846E-17
  1.8418711E+04  3.5105836E-17
  1.8448158E+04  3.9626395E-17
  1.8477535E+04  4.6125206E-17
  1.8506947E+04  4.9797176E-17
  1.8536359E+04  4.7062845E-17
  1.8565773E+04  4.1192350E-17
  1.8595186E+04  3.8215771E-17
  1.8624598E+04  4.0450108E-17
  1.8654010E+04  4.6843992E-17
  1.8683422E+04  5.0987939E-17
  1.8712834E+04  4.9798361E-17
  1.8742246E+04  4.4399747E-17
  1.8771660E+04  3.8314132E-17
  1.8801072E+04  3.5703498E-17
  1.8830449E+04  3.8817005E-17
  1.8859896E+04  4.6650631E-17
  1.8889309E+04  5.3111904E-17
  1.8918686E+04  5.4962009E-17
  1.8948135E+04  5.2248433E-17
  1.8977510E+04  5.0615142E-17
  1.9006924E+04  5.5381635E-17
  1.9036336E+04  6.0313749E-17
  1.9065748E+04  6.1576569E-17
  1.9095160E+04  6.3740526E-17
  1.9124572E+04  6.5583326E-17
  1.9153984E+04  6.2087515E-17
  1.9183398E+04  5.5231713E-17
  1.9212811E+04  4.9127329E-17
  1.9242223E+04  4.6621329E-17
  1.9271635E+04  4.8655402E-17
  1.9301047E+04  5.3449341E-17
  1.9330459E+04  5.7431904E-17
  1.9359871E+04  5.6698083E-17
  1.9389285E+04  5.2871452E-17
  1.9418697E+04  4.9282071E-17
  1.9448109E+04  4.8273682E-17
  1.9477521E+04  5.0492855E-17
  1.9506934E+04  5.4077733E-17
  1.9536311E+04  5.8124142E-17
  1.9565760E+04  6.2444142E-17
  1.9595172E+04  6.5815757E-17
  1.9624549E+04  6.8302196E-17
  1.9653996E+04  7.4631517E-17
  1.9683373E+04  8.5284492E-17
  1.9712785E+04  9.4841670E-17
  1.9742197E+04  1.0060886E-16
  1.9771609E+04  1.0250038E-16
  1.9801021E+04  1.0758660E-16
  1.9830436E+04  1.2083071E-16
  1.9859848E+04  1.3794956E-16
  1.9889260E+04  1.4982954E-16
  1.9918672E+04  1.4389030E-16
  1.9948084E+04  1.2292214E-16
  1.9977496E+04  9.8073558E-17
