358 SN2005ip Halpha Continuum Subtracted (linear but not flat). Day 20 plus 10.
30
 -1.9928840E+04  5.6489633E-16
 -1.9817248E+04  5.5553667E-16
 -1.9705656E+04  5.8252425E-16
 -1.9594062E+04  5.9338713E-16
 -1.9482488E+04  5.7505316E-16
 -1.9370879E+04  5.7290243E-16
 -1.9259305E+04  5.7339943E-16
 -1.9147713E+04  5.9259208E-16
 -1.9036121E+04  5.9610664E-16
 -1.8924547E+04  5.7585048E-16
 -1.8812938E+04  5.7157624E-16
 -1.8701346E+04  6.0400591E-16
 -1.8589752E+04  5.8441223E-16
 -1.8478160E+04  6.0020257E-16
 -1.8366568E+04  5.6020477E-16
 -1.8254959E+04  5.7114309E-16
 -1.8143385E+04  5.7534708E-16
 -1.8031793E+04  5.4940405E-16
 -1.7920201E+04  5.5279048E-16
 -1.7808645E+04  5.7067892E-16
 -1.7697053E+04  5.4910764E-16
 -1.7585441E+04  5.5421059E-16
 -1.7473850E+04  5.6641591E-16
 -1.7362258E+04  5.8397104E-16
 -1.7250666E+04  5.6787582E-16
 -1.7139092E+04  5.6907617E-16
 -1.7027465E+04  5.6463116E-16
 -1.6915891E+04  5.6852952E-16
 -1.6804297E+04  5.5335265E-16
 -1.6692705E+04  5.4410501E-16
 -1.6581113E+04  5.5640911E-16
 -1.6469504E+04  5.5723831E-16
 -1.6357912E+04  5.6627467E-16
 -1.6246355E+04  5.5677847E-16
 -1.6134764E+04  5.5725392E-16
 -1.6023171E+04  5.5644442E-16
 -1.5911562E+04  5.3685716E-16
 -1.5799987E+04  5.6033278E-16
 -1.5688396E+04  5.6188714E-16
 -1.5576803E+04  5.5418872E-16
 -1.5465211E+04  5.4698338E-16
 -1.5353619E+04  5.3296091E-16
 -1.5242009E+04  5.5207029E-16
 -1.5130417E+04  5.6468828E-16
 -1.5018843E+04  5.4503711E-16
 -1.4907251E+04  5.7818903E-16
 -1.4795659E+04  5.3712201E-16
 -1.4684066E+04  5.1554983E-16
 -1.4572492E+04  5.3046222E-16
 -1.4460900E+04  5.4894384E-16
 -1.4349309E+04  5.4605779E-16
 -1.4237717E+04  5.2388818E-16
 -1.4126106E+04  5.2539384E-16
 -1.4014515E+04  5.5015282E-16
 -1.3902940E+04  5.3509057E-16
 -1.3791349E+04  5.5960529E-16
 -1.3679756E+04  5.5852135E-16
 -1.3568164E+04  5.2828916E-16
 -1.3456554E+04  5.1520922E-16
 -1.3344962E+04  5.3067371E-16
 -1.3233406E+04  5.2732603E-16
 -1.3121813E+04  5.5196680E-16
 -1.3010222E+04  5.2851457E-16
 -1.2898611E+04  5.5670865E-16
 -1.2787020E+04  5.6556829E-16
 -1.2675445E+04  5.7182543E-16
 -1.2563854E+04  5.8312654E-16
 -1.2452262E+04  5.8425241E-16
 -1.2340651E+04  5.6914748E-16
 -1.2229060E+04  5.7358827E-16
 -1.2117468E+04  5.7454573E-16
 -1.2005894E+04  5.7429289E-16
 -1.1894301E+04  5.7226536E-16
 -1.1782709E+04  5.8636094E-16
 -1.1671117E+04  5.8605606E-16
 -1.1559525E+04  5.9041119E-16
 -1.1447951E+04  5.9505462E-16
 -1.1336358E+04  6.1355197E-16
 -1.1224767E+04  6.1542539E-16
 -1.1113157E+04  5.8201799E-16
 -1.1001564E+04  5.7469206E-16
 -1.0889973E+04  6.2006650E-16
 -1.0778398E+04  6.1160337E-16
 -1.0666807E+04  6.0547276E-16
 -1.0555196E+04  6.1855513E-16
 -1.0443604E+04  6.3566694E-16
 -1.0332013E+04  6.5861857E-16
 -1.0220456E+04  6.4003414E-16
 -1.0108864E+04  6.5007111E-16
 -9.9972539E+03  6.6051804E-16
 -9.8856621E+03  6.4627539E-16
 -9.7740703E+03  6.4383477E-16
 -9.6624775E+03  6.3852801E-16
 -9.5509033E+03  6.5998346E-16
 -9.4393115E+03  6.5942934E-16
 -9.3277021E+03  6.4629710E-16
 -9.2161094E+03  6.3477406E-16
 -9.1045176E+03  6.5883731E-16
 -8.9929258E+03  6.9663462E-16
 -8.8813516E+03  7.2923422E-16
 -8.7697412E+03  7.5566393E-16
 -8.6581670E+03  7.2003814E-16
 -8.5465752E+03  7.0501242E-16
 -8.4349834E+03  6.9160007E-16
 -8.3234092E+03  7.2304178E-16
 -8.2117988E+03  6.7990975E-16
 -8.1002070E+03  6.6906047E-16
 -7.9886152E+03  6.6505088E-16
 -7.8770229E+03  6.9981926E-16
 -7.7654312E+03  7.0028687E-16
 -7.6538569E+03  7.0537537E-16
 -7.5422471E+03  7.0338114E-16
 -7.4306548E+03  6.9913316E-16
 -7.3190625E+03  7.1194829E-16
 -7.2074707E+03  7.0053976E-16
 -7.0959146E+03  7.0997222E-16
 -6.9843042E+03  7.3155996E-16
 -6.8727124E+03  7.3182069E-16
 -6.7611201E+03  7.1839882E-16
 -6.6495283E+03  7.4260781E-16
 -6.5379360E+03  7.5673151E-16
 -6.4263262E+03  7.4059526E-16
 -6.3147520E+03  6.9926794E-16
 -6.2031602E+03  6.9433149E-16
 -6.0915679E+03  7.4562754E-16
 -5.9799761E+03  7.5706285E-16
 -5.8683662E+03  7.6803098E-16
 -5.7567739E+03  7.6304831E-16
 -5.6452178E+03  7.6438699E-16
 -5.5336255E+03  7.7482270E-16
 -5.4220337E+03  7.8338271E-16
 -5.3104414E+03  7.9128754E-16
 -5.1988315E+03  7.7211124E-16
 -5.0872573E+03  7.9785469E-16
 -4.9756655E+03  7.8622858E-16
 -4.8640732E+03  7.8748987E-16
 -4.7524814E+03  7.8253774E-16
 -4.6408711E+03  7.7496791E-16
 -4.5292793E+03  7.8516889E-16
 -4.4177051E+03  8.0401315E-16
 -4.3061133E+03  7.8078650E-16
 -4.1945210E+03  8.0095012E-16
 -4.0829290E+03  7.9131401E-16
 -3.9713369E+03  7.9789477E-16
 -3.8597627E+03  7.9471950E-16
 -3.7481707E+03  8.5099113E-16
 -3.6365786E+03  8.4448936E-16
 -3.5249866E+03  8.2523826E-16
 -3.4133767E+03  8.2016533E-16
 -3.3017847E+03  7.9099907E-16
 -3.1902104E+03  8.0837569E-16
 -3.0786184E+03  8.2198491E-16
 -2.9670264E+03  8.3123859E-16
 -2.8554163E+03  8.3492376E-16
 -2.7438242E+03  8.4180570E-16
 -2.6322681E+03  8.2653401E-16
 -2.5206760E+03  8.0066393E-16
 -2.4090840E+03  8.1916530E-16
 -2.2974739E+03  8.4976902E-16
 -2.1858818E+03  8.7943175E-16
 -2.0742898E+03  8.7120351E-16
 -1.9627157E+03  8.4530987E-16
 -1.8511237E+03  8.4776717E-16
 -1.7395137E+03  8.3079331E-16
 -1.6279216E+03  8.4145582E-16
 -1.5163296E+03  8.6556878E-16
 -1.4047375E+03  8.7919664E-16
 -1.2931633E+03  8.9781776E-16
 -1.1815713E+03  9.3779602E-16
 -1.0699792E+03  9.7038201E-16
 -9.5838721E+02  9.3784282E-16
 -8.4681305E+02  1.0029151E-15
 -7.3522095E+02  1.0307530E-15
 -6.2362891E+02  1.0711100E-15
 -5.1201898E+02  1.1326525E-15
 -4.0042694E+02  1.3504568E-15
 -2.8883490E+02  2.3603839E-15
 -1.7726071E+02  3.8974679E-15
 -6.5668663E+01  3.7744529E-15
  4.5959129E+01  2.3422411E-15
  1.5753331E+02  1.4062771E-15
  2.6910748E+02  1.1415505E-15
  3.8071741E+02  1.0496324E-15
  4.9229160E+02  9.4590890E-16
  6.0386578E+02  9.2959039E-16
  7.1547571E+02  9.3407723E-16
  8.2704987E+02  9.2645870E-16
  9.3865979E+02  9.0731512E-16
  1.0502340E+03  8.7275353E-16
  1.1618439E+03  8.7504544E-16
  1.2734539E+03  8.3513981E-16
  1.3850281E+03  7.9450388E-16
  1.4966022E+03  8.1558224E-16
  1.6082122E+03  7.7492567E-16
  1.7197863E+03  8.1673326E-16
  1.8313962E+03  7.8647449E-16
  1.9429705E+03  8.0794947E-16
  2.0545447E+03  8.4178685E-16
  2.1661545E+03  8.0989934E-16
  2.2777288E+03  7.7525008E-16
  2.3893386E+03  7.9727151E-16
  2.5009485E+03  8.0972983E-16
  2.6125227E+03  8.0678999E-16
  2.7240969E+03  7.9827614E-16
  2.8357068E+03  8.3011336E-16
  2.9472810E+03  8.3861418E-16
  3.0588909E+03  7.8751787E-16
  3.1705010E+03  7.8784112E-16
  3.2820750E+03  8.2743049E-16
  3.3936492E+03  8.1460673E-16
  3.5052234E+03  8.0162558E-16
  3.6168333E+03  8.0464170E-16
  3.7284434E+03  7.6662114E-16
  3.8400173E+03  7.6858160E-16
  3.9515916E+03  7.9287186E-16
  4.0632017E+03  7.8715275E-16
  4.1748115E+03  8.0183347E-16
  4.2863857E+03  8.1905428E-16
  4.3979956E+03  8.1536334E-16
  4.5095698E+03  7.9664523E-16
  4.6211440E+03  8.2950169E-16
  4.7327539E+03  8.5335218E-16
  4.8443638E+03  8.3533669E-16
  4.9559380E+03  8.0947185E-16
  5.0675122E+03  8.9641899E-16
  5.1790864E+03  9.1766237E-16
  5.2906963E+03  8.4540707E-16
  5.4023062E+03  7.9824951E-16
  5.5138804E+03  7.5283600E-16
  5.6254902E+03  7.5472875E-16
  5.7370645E+03  7.6275386E-16
  5.8486387E+03  7.0402657E-16
  5.9602485E+03  7.4936841E-16
  6.0718584E+03  7.9758253E-16
  6.1834326E+03  7.8188293E-16
  6.2950425E+03  7.5417823E-16
  6.4066167E+03  7.0998889E-16
  6.5181909E+03  7.5198346E-16
  6.6298008E+03  7.5074849E-16
  6.7413750E+03  7.6300098E-16
  6.8529849E+03  7.8195392E-16
  6.9645591E+03  7.4775137E-16
  7.0761333E+03  7.1702541E-16
  7.1877432E+03  7.0174874E-16
  7.2993530E+03  7.0056740E-16
  7.4109272E+03  7.0685132E-16
  7.5225371E+03  6.9857454E-16
  7.6341113E+03  6.9630259E-16
  7.7457212E+03  6.7997227E-16
  7.8572954E+03  6.8491767E-16
  7.9689053E+03  7.0619339E-16
  8.0804795E+03  6.8625545E-16
  8.1920537E+03  6.7025929E-16
  8.3036641E+03  6.6600141E-16
  8.4152383E+03  7.0783685E-16
  8.5268477E+03  7.1515182E-16
  8.6384219E+03  6.6611269E-16
  8.7500322E+03  6.8552933E-16
  8.8616064E+03  6.7176473E-16
  8.9732158E+03  6.3680376E-16
  9.0847900E+03  6.5636890E-16
  9.1964004E+03  6.7807491E-16
  9.3079746E+03  6.5864530E-16
  9.4195840E+03  6.6836850E-16
  9.5311582E+03  6.4463887E-16
  9.6427324E+03  6.3396732E-16
  9.7543428E+03  6.2949223E-16
  9.8659170E+03  6.6818131E-16
  9.9775264E+03  6.5662651E-16
  1.0089137E+04  6.3250714E-16
  1.0200711E+04  6.4604330E-16
  1.0312285E+04  6.4970656E-16
  1.0423895E+04  6.5645673E-16
  1.0535469E+04  6.3234228E-16
  1.0647079E+04  6.2312635E-16
  1.0758688E+04  6.4746632E-16
  1.0870263E+04  6.5307336E-16
  1.0981837E+04  6.5243052E-16
  1.1093411E+04  6.4596443E-16
  1.1205021E+04  6.4149161E-16
  1.1316631E+04  6.1324577E-16
  1.1428205E+04  6.0759828E-16
  1.1539779E+04  5.8439604E-16
  1.1651390E+04  5.8948358E-16
  1.1762964E+04  5.6877823E-16
  1.1874574E+04  5.6872037E-16
  1.1986184E+04  5.6275969E-16
  1.2097758E+04  5.5854718E-16
  1.2209332E+04  5.5949099E-16
  1.2320942E+04  5.9001811E-16
  1.2432552E+04  5.5694312E-16
  1.2544126E+04  5.6529671E-16
  1.2655700E+04  5.7273207E-16
  1.2767274E+04  5.5585055E-16
  1.2878885E+04  5.2706683E-16
  1.2990459E+04  5.7547900E-16
  1.3102068E+04  5.5185599E-16
  1.3213679E+04  5.5521506E-16
  1.3325253E+04  5.8319166E-16
  1.3436827E+04  5.7294987E-16
  1.3548437E+04  5.6827700E-16
  1.3660047E+04  5.1736439E-16
  1.3771621E+04  5.3393775E-16
  1.3883230E+04  5.3298627E-16
  1.3994805E+04  5.5224124E-16
  1.4106379E+04  5.6607302E-16
  1.4217989E+04  5.3877749E-16
  1.4329563E+04  5.2688785E-16
  1.4441173E+04  5.6205316E-16
  1.4552747E+04  5.5594944E-16
  1.4664321E+04  5.5380592E-16
  1.4775932E+04  5.3858283E-16
  1.4887541E+04  5.2874369E-16
  1.4999115E+04  5.4777409E-16
  1.5110726E+04  5.4767827E-16
  1.5222300E+04  5.4107808E-16
  1.5333874E+04  5.5554514E-16
  1.5445483E+04  5.5416824E-16
  1.5557094E+04  4.9199708E-16
  1.5668668E+04  5.3665382E-16
  1.5780242E+04  5.1258781E-16
  1.5891816E+04  5.9026460E-16
  1.6003426E+04  5.4208669E-16
  1.6115036E+04  5.7746667E-16
  1.6226610E+04  5.7219601E-16
  1.6338220E+04  5.3454111E-16
  1.6449795E+04  5.5669398E-16
  1.6561369E+04  5.5458630E-16
  1.6672979E+04  5.2170353E-16
  1.6784588E+04  5.7980273E-16
  1.6896162E+04  5.5156583E-16
  1.7007771E+04  5.2091759E-16
  1.7119311E+04  5.5981816E-16
  1.7230920E+04  5.2516826E-16
  1.7342531E+04  5.2827010E-16
  1.7454105E+04  5.6788032E-16
  1.7565715E+04  5.3534886E-16
  1.7677289E+04  5.5410280E-16
  1.7788898E+04  5.7987293E-16
  1.7900473E+04  5.6047609E-16
  1.8012084E+04  5.9339216E-16
  1.8123656E+04  5.8296492E-16
  1.8235268E+04  6.0749642E-16
  1.8346877E+04  5.5486804E-16
  1.8458451E+04  5.3875827E-16
  1.8570025E+04  5.5131114E-16
  1.8681600E+04  5.7519895E-16
  1.8793174E+04  6.0427690E-16
  1.8904783E+04  5.7851260E-16
  1.9016395E+04  5.6454899E-16
  1.9127969E+04  5.5878329E-16
  1.9239578E+04  5.8664464E-16
  1.9351152E+04  6.0961268E-16
  1.9462727E+04  5.7633122E-16
  1.9574371E+04  6.2180239E-16
  1.9685945E+04  6.6968839E-16
  1.9797520E+04  6.3202761E-16
  1.9909131E+04  5.7752803E-16
