348 1600
  -3.4278064e+03   1.4643366e+03
  -3.4113015e+03   1.2009008e+03
  -3.3947965e+03   1.1387028e+03
  -3.3782915e+03   9.8739569e+02
  -3.3617866e+03  -6.9718349e+03
  -3.3452816e+03  -7.6088554e+01
  -3.3287766e+03   2.9268388e+03
  -3.3122717e+03   5.6487590e+02
  -3.2957667e+03   5.7113049e+02
  -3.2792618e+03  -6.6479504e+02
  -3.2627568e+03   2.0421464e+03
  -3.2462518e+03  -1.4075581e+03
  -3.2297469e+03  -2.4456073e+02
  -3.2132419e+03   7.8190627e+02
  -3.1967369e+03  -1.6394442e+03
  -3.1802320e+03  -1.2310359e+03
  -3.1637270e+03  -1.7922430e+03
  -3.1472221e+03   1.0445761e+03
  -3.1307171e+03  -2.7242487e+01
  -3.1142121e+03   1.5401156e+03
  -3.0977072e+03  -1.4841740e+02
  -3.0812022e+03   1.7258737e+03
  -3.0646972e+03  -8.7215439e+02
  -3.0481923e+03   7.5668817e+02
  -3.0316873e+03  -1.0028296e+03
  -3.0151823e+03   1.1139268e+03
  -2.9986774e+03   1.0820987e+03
  -2.9821724e+03   5.0527007e+02
  -2.9656675e+03   5.0068271e+02
  -2.9491625e+03  -6.4611668e+02
  -2.9326575e+03   7.7493641e+02
  -2.9161526e+03  -3.7797111e+02
  -2.8996476e+03  -8.0691215e+02
  -2.8831426e+03  -4.7340044e+03
  -2.8666377e+03   1.4164499e+01
  -2.8501327e+03   4.1283125e+01
  -2.8336277e+03  -6.6955060e+03
  -2.8171228e+03   1.6272391e+03
  -2.8006178e+03  -2.0140077e+02
  -2.7841129e+03  -5.4483496e+02
  -2.7676079e+03   1.2567050e+02
  -2.7511029e+03   8.7087716e+02
  -2.7345980e+03   2.2364560e+03
  -2.7180930e+03  -2.4603425e+03
  -2.7015880e+03   1.1031231e+02
  -2.6850831e+03   2.2523059e+03
  -2.6685781e+03  -3.0895969e+02
  -2.6520731e+03   3.6588098e+01
  -2.6355682e+03   3.7843453e+01
  -2.6190632e+03  -2.8852532e+03
  -2.6025583e+03  -2.0824131e+02
  -2.5860533e+03   1.3116722e+03
  -2.5695483e+03  -5.6294952e+01
  -2.5530434e+03   3.4397808e+02
  -2.5365384e+03   4.8854877e+02
  -2.5200334e+03   6.4312378e+02
  -2.5035285e+03   7.9466591e+02
  -2.4870235e+03  -2.2665632e+02
  -2.4705185e+03  -1.6715287e+03
  -2.4540136e+03   1.5659446e+03
  -2.4375086e+03   2.5032760e+03
  -2.4210037e+03  -2.1347718e+02
  -2.4044987e+03   4.5276170e+03
  -2.3879937e+03   3.0417262e+03
  -2.3714888e+03   2.6280673e+03
  -2.3549838e+03   2.9136177e+03
  -2.3384788e+03   1.3755064e+03
  -2.3219739e+03   1.2798779e+03
  -2.3054689e+03  -3.5649945e+01
  -2.2889639e+03   1.5711409e+03
  -2.2724590e+03   1.4996196e+03
  -2.2559540e+03   1.3648174e+03
  -2.2394491e+03   1.0633217e+03
  -2.2229441e+03  -1.0312318e+02
  -2.2064391e+03   2.7006753e+03
  -2.1899342e+03   2.4907438e+03
  -2.1734292e+03   1.2658420e+03
  -2.1569242e+03  -1.0464869e+02
  -2.1404193e+03   1.2094182e+03
  -2.1239143e+03   7.8943311e+02
  -2.1074093e+03  -5.3475925e+02
  -2.0909044e+03   2.3673488e+03
  -2.0743994e+03   1.3002050e+03
  -2.0578945e+03   1.4583325e+03
  -2.0413895e+03  -6.4249736e+02
  -2.0248845e+03  -9.4477692e+02
  -2.0083796e+03   3.1801912e+03
  -1.9918746e+03   1.5923753e+03
  -1.9753696e+03   2.8710325e+03
  -1.9588647e+03   4.4190065e+03
  -1.9423597e+03   5.5325177e+03
  -1.9258548e+03   2.1645619e+03
  -1.9093498e+03   3.1288539e+03
  -1.8928448e+03   1.7440799e+03
  -1.8763399e+03   3.6979161e+03
  -1.8598349e+03   2.0527159e+03
  -1.8433299e+03   4.7488387e+03
  -1.8268250e+03   6.3867665e+03
  -1.8103200e+03  -9.2840400e+02
  -1.7938150e+03   1.3413143e+03
  -1.7773101e+03   3.4799887e+03
  -1.7608051e+03   2.5336255e+03
  -1.7443002e+03   5.6032060e+03
  -1.7277952e+03   4.6468565e+03
  -1.7112902e+03   4.6083350e+03
  -1.6947853e+03   9.0889830e+03
  -1.6782803e+03   9.4106056e+03
  -1.6617753e+03   7.0325556e+03
  -1.6452704e+03   5.2030434e+03
  -1.6287654e+03   5.0940521e+03
  -1.6122604e+03   5.6351486e+03
  -1.5957555e+03   7.1725054e+03
  -1.5792505e+03   4.3504193e+03
  -1.5627456e+03   6.4613896e+03
  -1.5462406e+03   5.2658924e+03
  -1.5297356e+03   5.8644934e+03
  -1.5132307e+03   6.8812797e+03
  -1.4967257e+03   6.1075263e+03
  -1.4802207e+03   5.7423330e+03
  -1.4637158e+03   5.2960713e+03
  -1.4472108e+03   8.7470937e+03
  -1.4307058e+03   6.7473913e+03
  -1.4142009e+03   5.9086292e+03
  -1.3976959e+03   8.8481567e+03
  -1.3811910e+03   6.1250618e+03
  -1.3646860e+03   7.5470363e+03
  -1.3481810e+03   9.9898589e+03
  -1.3316761e+03   7.0452924e+03
  -1.3151711e+03   7.8453116e+03
  -1.2986661e+03   7.5813700e+03
  -1.2821612e+03   7.5248090e+03
  -1.2656562e+03   5.3670410e+03
  -1.2491512e+03   1.0266192e+04
  -1.2326463e+03   8.4685717e+03
  -1.2161413e+03   8.6092301e+03
  -1.1996364e+03   8.7560002e+03
  -1.1831314e+03   8.9152612e+03
  -1.1666264e+03   8.7982252e+03
  -1.1501215e+03   9.2801359e+03
  -1.1336165e+03   9.4791108e+03
  -1.1171115e+03   8.6588137e+03
  -1.1006066e+03   1.1601271e+04
  -1.0841016e+03   1.0860415e+04
  -1.0675966e+03   8.4269504e+03
  -1.0510917e+03   1.7225316e+04
  -1.0345867e+03   1.0399684e+04
  -1.0180818e+03   1.0492228e+04
  -1.0015768e+03   1.0580183e+04
  -9.8507183e+02   1.1254782e+04
  -9.6856687e+02   1.1348964e+04
  -9.5206191e+02   1.0729442e+04
  -9.3555694e+02   1.2584720e+04
  -9.1905198e+02   1.0743404e+04
  -9.0254701e+02   1.2044465e+04
  -8.8604205e+02   1.1871129e+04
  -8.6953709e+02   1.1191552e+04
  -8.5303212e+02   9.5521439e+03
  -8.3652716e+02   9.7538268e+03
  -8.2002220e+02   1.3487541e+04
  -8.0351723e+02   1.2008390e+04
  -7.8701227e+02   1.1507093e+04
  -7.7050731e+02   1.4418452e+04
  -7.5400234e+02   1.3509887e+04
  -7.3749738e+02   1.5312570e+04
  -7.2099242e+02   1.5283625e+04
  -7.0448745e+02   1.4000123e+04
  -6.8798249e+02   1.3663836e+04
  -6.7147753e+02   1.5814822e+04
  -6.5497256e+02   1.5257446e+04
  -6.3846760e+02   1.5549298e+04
  -6.2196264e+02   1.6459582e+04
  -6.0545767e+02   1.5398221e+04
  -5.8895271e+02   1.7305647e+04
  -5.7244774e+02   1.5587567e+04
  -5.5594278e+02   1.8601943e+04
  -5.3943782e+02   1.8572943e+04
  -5.2293285e+02   1.7187981e+04
  -5.0642789e+02   1.8227108e+04
  -4.8992293e+02   1.7779810e+04
  -4.7341796e+02   1.7304039e+04
  -4.5691300e+02   2.0436413e+04
  -4.4040804e+02   1.9472314e+04
  -4.2390307e+02   1.9582920e+04
  -4.0739811e+02   2.0047127e+04
  -3.9089315e+02   2.0560081e+04
  -3.7438818e+02   1.9738438e+04
  -3.5788322e+02   2.3503232e+04
  -3.4137826e+02   2.0317335e+04
  -3.2487329e+02   2.0329364e+04
  -3.0836833e+02   2.0310339e+04
  -2.9186337e+02   2.0265076e+04
  -2.7535840e+02   2.4540594e+04
  -2.5885344e+02   1.8699417e+04
  -2.4234847e+02   1.8441835e+04
  -2.2584351e+02   1.9576636e+04
  -2.0933855e+02   1.9896450e+04
  -1.9283358e+02   1.9964772e+04
  -1.7632862e+02   1.8747420e+04
  -1.5982366e+02   1.7740036e+04
  -1.4331869e+02   1.9749345e+04
  -1.2681373e+02   1.9818783e+04
  -1.1030877e+02   1.8349150e+04
  -9.3803803e+01   2.1696845e+04
  -7.7298840e+01   1.6548365e+04
  -6.0793876e+01   1.7018312e+04
  -4.4288913e+01   1.8846028e+04
  -2.7783949e+01   1.7472453e+04
  -1.1278986e+01   1.8048697e+04
   5.2259779e+00   1.4638857e+04
   2.1730941e+01   1.8794166e+04
   3.8235905e+01   1.8694046e+04
   5.4740868e+01   1.8635209e+04
   7.1245832e+01   1.7705444e+04
   8.7750795e+01   1.7631677e+04
   1.0425576e+02   1.6223674e+04
   1.2076072e+02   1.6438901e+04
   1.3726569e+02   1.5791448e+04
   1.5377065e+02   1.4177245e+04
   1.7027561e+02   1.4752644e+04
   1.8678058e+02   1.5770755e+04
   2.0328554e+02   1.5956280e+04
   2.1979050e+02   1.4461972e+04
   2.3629547e+02   1.4062099e+04
   2.5280043e+02   1.3645241e+04
   2.6930539e+02   1.3219630e+04
   2.8581036e+02   1.0102336e+04
   3.0231532e+02   1.2819967e+04
   3.1882028e+02   1.2132704e+04
   3.3532525e+02   1.2818500e+04
   3.5183021e+02   1.1770999e+04
   3.6833517e+02   1.9782273e+04
   3.8484014e+02   9.2822314e+03
   4.0134510e+02   1.1269653e+04
   4.1785007e+02   9.9841141e+03
   4.3435503e+02   9.6420924e+03
   4.5085999e+02   9.2942093e+03
   4.6736496e+02   8.9421672e+03
   4.8386992e+02   4.0037369e+03
   5.0037488e+02   1.4916350e+04
   5.1687985e+02   6.5940652e+03
   5.3338481e+02   7.9698948e+03
   5.4988977e+02   1.0720171e+04
   5.6639474e+02   6.9287288e+03
   5.8289970e+02   1.5339728e+04
   5.9940466e+02   6.5027994e+03
   6.1590963e+02   7.7184048e+03
   6.3241459e+02   4.8446137e+03
   6.4891955e+02   5.7389350e+03
   6.6542452e+02   4.2433741e+03
   6.8192948e+02   3.6725735e+03
   6.9843444e+02   4.7942071e+03
   7.1493941e+02   4.5415933e+03
   7.3144437e+02  -1.4386295e+03
   7.4794934e+02   4.8183340e+03
   7.6445430e+02   4.9134335e+03
   7.8095926e+02   3.9547468e+03
   7.9746423e+02   1.8911492e+03
   8.1396919e+02   2.9151746e+03
   8.3047415e+02   3.5587284e+03
   8.4697912e+02   5.2242634e+03
   8.6348408e+02   2.6578058e+03
   8.7998904e+02   1.9763243e+03
   8.9649401e+02   9.6469643e+02
   9.1299897e+02   1.5181319e+03
   9.2950393e+02   2.6022047e+03
   9.4600890e+02   1.7793839e+03
   9.6251386e+02   1.8078671e+03
   9.7901882e+02   1.2398560e+03
   9.9552379e+02   1.3435995e+03
   1.0120288e+03  -9.2637592e+02
   1.0285337e+03   2.9642924e+03
   1.0450387e+03   2.0730533e+03
   1.0615436e+03   4.8126829e+02
   1.0780486e+03   1.6038570e+03
   1.0945536e+03   6.5613182e+02
   1.1110585e+03  -4.5712054e+03
   1.1275635e+03   5.6443022e+02
   1.1440685e+03  -3.8119234e+03
   1.1605734e+03   3.8361053e+03
   1.1770784e+03   5.4404732e+03
   1.1935833e+03  -1.3967145e+03
   1.2100883e+03   3.7101844e+02
   1.2265933e+03   5.4820804e+02
   1.2430982e+03  -4.9017597e+02
   1.2596032e+03   2.4247979e+03
   1.2761082e+03   1.4040448e+03
   1.2926131e+03   9.4261547e+02
   1.3091181e+03   8.1814312e+02
   1.3256231e+03   3.7146118e+03
   1.3421280e+03  -3.5125470e+02
   1.3586330e+03   8.9533010e+02
   1.3751379e+03   9.8514486e+02
   1.3916429e+03   9.9512394e+02
   1.4081479e+03   9.3708312e+02
   1.4246528e+03   8.8431846e+02
   1.4411578e+03   1.1230549e+03
   1.4576628e+03   1.8791190e+03
   1.4741677e+03  -7.7261062e+02
   1.4906727e+03   1.0453940e+02
   1.5071777e+03   7.6752000e+02
   1.5236826e+03   4.0541242e+02
   1.5401876e+03   1.3938468e+03
   1.5566925e+03  -5.6841188e+03
   1.5731975e+03   4.5087956e+02
   1.5897025e+03   4.0086824e+02
   1.6062074e+03  -8.5921235e+03
   1.6227124e+03  -3.4986801e+02
   1.6392174e+03   8.3752314e+02
   1.6557223e+03  -1.7124290e+02
   1.6722273e+03   2.4520307e+02
   1.6887323e+03  -5.2186894e+02
   1.7052372e+03   1.7441483e+03
   1.7217422e+03   1.0596725e+03
   1.7382471e+03   2.9539066e+02
   1.7547521e+03   2.9428248e+02
   1.7712571e+03   2.7442800e+02
   1.7877620e+03   2.3338815e+02
   1.8042670e+03  -2.1901098e+03
   1.8207720e+03   1.4211667e+02
   1.8372769e+03  -1.9965774e+03
   1.8537819e+03   3.9491726e+03
   1.8702869e+03   5.6074369e+02
   1.8867918e+03  -2.7041212e+02
   1.9032968e+03   1.8023332e+03
   1.9198017e+03   7.5967653e+02
   1.9363067e+03   8.6192502e+02
   1.9528117e+03  -9.7177004e+02
   1.9693166e+03  -1.5657530e+03
   1.9858216e+03  -3.4997131e+03
   2.0023266e+03  -4.0045481e+02
   2.0188315e+03  -4.0102637e+02
   2.0353365e+03   2.2805822e+02
   2.0518415e+03  -4.6533266e+03
   2.0683464e+03  -4.1605043e+02
   2.0848514e+03  -2.5110853e+03
   2.1013563e+03  -6.9729374e+02
   2.1178613e+03   6.0490186e+02
   2.1343663e+03   6.1694693e+02
   2.1508712e+03   4.6282870e+02
   2.1673762e+03  -1.7275245e+02
   2.1838812e+03   1.0604830e+02
   2.2003861e+03   9.3185234e+00
   2.2168911e+03   8.5122994e+02
   2.2333961e+03  -7.2892712e+00
   2.2499010e+03  -1.9433269e+03
   2.2664060e+03   6.0108582e+02
   2.2829109e+03  -1.7324750e+03
   2.2994159e+03  -1.0105064e+03
