265 2.05e-17
 -1.9867174E+04  2.9839806E-17
 -1.9716574E+04  2.8313823E-17
 -1.9565902E+04  1.0122784E-17
 -1.9415283E+04  1.8737638E-17
 -1.9264719E+04 -2.7485160E-18
 -1.9114084E+04  2.6799752E-17
 -1.8963465E+04  3.4505101E-17
 -1.8812812E+04  2.0656697E-17
 -1.8662230E+04  4.0337297E-18
 -1.8511629E+04  6.7845751E-18
 -1.8360994E+04  3.0139920E-17
 -1.8210375E+04  3.2688116E-17
 -1.8059775E+04 -2.3577956E-17
 -1.7909158E+04 -1.4091134E-17
 -1.7758504E+04  3.2271955E-19
 -1.7607904E+04  4.2517189E-17
 -1.7457268E+04  3.3846907E-18
 -1.7306650E+04  2.3515540E-17
 -1.7156031E+04  3.7878943E-17
 -1.7005432E+04  2.2460190E-17
 -1.6854814E+04  2.2058961E-17
 -1.6704195E+04  3.2776416E-17
 -1.6553596E+04  5.7065192E-17
 -1.6402996E+04  4.8538852E-17
 -1.6252377E+04  5.3140782E-17
 -1.6101706E+04  4.6116126E-17
 -1.5951105E+04  6.8783152E-17
 -1.5800487E+04  6.8308919E-17
 -1.5649869E+04  5.6178931E-17
 -1.5499233E+04  6.8965634E-17
 -1.5348634E+04  8.3940383E-17
 -1.5198016E+04  1.0662101E-16
 -1.5047415E+04  1.0739653E-16
 -1.4896798E+04  1.2164256E-16
 -1.4746215E+04  1.0136247E-16
 -1.4595544E+04  1.4258301E-16
 -1.4444926E+04  1.1658911E-16
 -1.4294325E+04  1.0297459E-16
 -1.4143707E+04  9.4022669E-17
 -1.3993090E+04  1.2288600E-16
 -1.3842472E+04  1.2555931E-16
 -1.3691836E+04  1.0692065E-16
 -1.3541218E+04  7.3739618E-17
 -1.3390600E+04  6.4776474E-17
 -1.3239981E+04  8.4397251E-17
 -1.3089382E+04  4.5340880E-17
 -1.2938764E+04  7.2925725E-17
 -1.2788146E+04  8.6338227E-17
 -1.2637491E+04  6.8827144E-17
 -1.2486928E+04  9.5032650E-17
 -1.2336310E+04  9.1658812E-17
 -1.2185674E+04  1.1230640E-16
 -1.2035056E+04  1.2855329E-16
 -1.1884455E+04  1.3352214E-16
 -1.1733819E+04  1.7107990E-16
 -1.1583201E+04  1.5980325E-16
 -1.1432602E+04  1.6536370E-16
 -1.1281947E+04  1.8115308E-16
 -1.1131329E+04  1.7635851E-16
 -1.0980712E+04  1.6287221E-16
 -1.0830129E+04  1.5271681E-16
 -1.0679476E+04  1.4389533E-16
 -1.0528857E+04  1.8124170E-16
 -1.0378258E+04  1.7717780E-16
 -1.0227675E+04  1.7652712E-16
 -1.0077039E+04  1.8731784E-16
 -9.9264033E+03  2.1647912E-16
 -9.7757676E+03  2.3506112E-16
 -9.6251670E+03  2.3201662E-16
 -9.4745498E+03  2.4996413E-16
 -9.3239131E+03  2.5894830E-16
 -9.1733135E+03  2.8447411E-16
 -9.0226953E+03  3.1372983E-16
 -8.8720596E+03  3.1510976E-16
 -8.7214590E+03  3.3679957E-16
 -8.5708770E+03  3.5490299E-16
 -8.4202236E+03  2.7836586E-16
 -8.2696055E+03  2.4504367E-16
 -8.1189873E+03  2.7481603E-16
 -7.9683872E+03  2.6982595E-16
 -7.8177695E+03  2.6820647E-16
 -7.6671514E+03  2.6478218E-16
 -7.5165156E+03  2.8488137E-16
 -7.3658975E+03  2.9645857E-16
 -7.2152793E+03  3.2589646E-16
 -7.0646792E+03  3.0314801E-16
 -6.9140615E+03  3.0172176E-16
 -6.7634434E+03  3.2738570E-16
 -6.6128252E+03  3.1617442E-16
 -6.4621714E+03  3.3868427E-16
 -6.3115713E+03  3.5781890E-16
 -6.1609536E+03  3.7140150E-16
 -6.0103535E+03  3.5866739E-16
 -5.8597354E+03  3.7162761E-16
 -5.7091172E+03  3.5952364E-16
 -5.5584995E+03  3.7482097E-16
 -5.4078994E+03  3.9800585E-16
 -5.2572812E+03  4.0812551E-16
 -5.1066094E+03  4.2670809E-16
 -4.9560093E+03  4.5083540E-16
 -4.8053916E+03  4.5286971E-16
 -4.6547915E+03  4.4958031E-16
 -4.5041733E+03  4.2941929E-16
 -4.3535552E+03  4.4386194E-16
 -4.2029375E+03  4.2660163E-16
 -4.0523372E+03  4.5641476E-16
 -3.9017192E+03  4.6209374E-16
 -3.7511191E+03  4.2414270E-16
 -3.6004475E+03  4.5024523E-16
 -3.4498293E+03  5.0617095E-16
 -3.2992292E+03  5.1526332E-16
 -3.1486292E+03  4.8422597E-16
 -2.9979934E+03  4.6870912E-16
 -2.8473574E+03  4.7293862E-16
 -2.6967395E+03  5.1738318E-16
 -2.5461394E+03  5.4797605E-16
 -2.3955391E+03  5.8967893E-16
 -2.2449033E+03  6.0446558E-16
 -2.0942854E+03  6.5591357E-16
 -1.9436316E+03  6.4826634E-16
 -1.7930493E+03  6.5972458E-16
 -1.6424492E+03  6.8599616E-16
 -1.4918312E+03  6.7593044E-16
 -1.3411953E+03  7.4934390E-16
 -1.1906309E+03  8.1870599E-16
 -1.0399772E+03  8.5337807E-16
 -8.8934131E+02  8.9573967E-16
 -7.3874115E+02  9.9226204E-16
 -5.8810529E+02  1.0600762E-15
 -4.3750519E+02  1.2853757E-15
 -2.8685144E+02  2.0611071E-15
 -1.3625131E+02  3.9341208E-15
  1.4330956E+01  5.7353816E-15
  1.6496683E+02  4.3778152E-15
  3.1556696E+02  1.9447752E-15
  4.6616708E+02  1.0164331E-15
  6.1683868E+02  9.3992694E-16
  7.6743884E+02  8.9858030E-16
  9.1803894E+02  8.8190069E-16
  1.0686748E+03  7.6923017E-16
  1.2193107E+03  6.5234793E-16
  1.3699465E+03  6.0294960E-16
  1.5205468E+03  5.3746416E-16
  1.6711111E+03  5.2138203E-16
  1.8217469E+03  5.2710913E-16
  1.9724186E+03  5.3363515E-16
  2.1229829E+03  5.0457620E-16
  2.2736189E+03  5.2537234E-16
  2.4242190E+03  5.3455127E-16
  2.5748547E+03  4.9041545E-16
  2.7254551E+03  4.7742949E-16
  2.8760908E+03  5.0418445E-16
  3.0266909E+03  5.2554382E-16
  3.1773269E+03  5.0698135E-16
  3.3279626E+03  4.8604794E-16
  3.4785627E+03  4.7047010E-16
  3.6291987E+03  4.8656707E-16
  3.7797632E+03  4.7966004E-16
  3.9304348E+03  4.8086442E-16
  4.0810349E+03  4.5876136E-16
  4.2317065E+03  4.3574104E-16
  4.3822710E+03  4.4568100E-16
  4.5328711E+03  4.6722830E-16
  4.6835068E+03  4.6547732E-16
  4.8341069E+03  4.2824580E-16
  4.9847070E+03  4.3985195E-16
  5.1353071E+03  4.7673788E-16
  5.2859790E+03  5.1506872E-16
  5.4366147E+03  4.8841270E-16
  5.5872148E+03  4.2374464E-16
  5.7378506E+03  3.9516313E-16
  5.8884863E+03  3.6677331E-16
  6.0390508E+03  3.6480364E-16
  6.1896870E+03  3.6894833E-16
  6.3403228E+03  3.9914209E-16
  6.4908872E+03  3.7558555E-16
  6.6414873E+03  3.3659898E-16
  6.7921587E+03  3.4090323E-16
  6.9427588E+03  3.3852413E-16
  7.0933950E+03  3.6556881E-16
  7.2439951E+03  3.3584258E-16
  7.3945952E+03  3.0408787E-16
  7.5452666E+03  3.0270266E-16
  7.6958667E+03  2.9201580E-16
  7.8465029E+03  2.9411544E-16
  7.9971030E+03  2.8130814E-16
  8.1477031E+03  2.5184314E-16
  8.2983027E+03  2.4715331E-16
  8.4489385E+03  2.5321854E-16
  8.5995391E+03  2.2198640E-16
  8.7501748E+03  2.4892358E-16
  8.9007754E+03  2.4880815E-16
  9.0514463E+03  2.3534750E-16
  9.2020469E+03  2.1399742E-16
  9.3526465E+03  1.9051682E-16
  9.5032471E+03  1.7460261E-16
  9.6538828E+03  2.0093051E-16
  9.8045186E+03  2.0646379E-16
  9.9551191E+03  1.8672632E-16
  1.0105755E+04  2.1255821E-16
  1.0256354E+04  2.1778035E-16
  1.0406991E+04  2.2607331E-16
  1.0557591E+04  1.9320737E-16
  1.0708227E+04  2.0556508E-16
  1.0858827E+04  1.8147527E-16
  1.1009427E+04  1.6690714E-16
  1.1160027E+04  1.8080707E-16
  1.1310699E+04  1.7850669E-16
  1.1461299E+04  1.6753907E-16
  1.1611899E+04  1.7828315E-16
  1.1762535E+04  1.7078731E-16
  1.1913171E+04  1.4075086E-16
  1.2063771E+04  1.4585995E-16
  1.2214371E+04  1.3226216E-16
  1.2365007E+04  1.3174547E-16
  1.2515643E+04  1.4816809E-16
  1.2666243E+04  1.2952185E-16
  1.2816808E+04  1.2233636E-16
  1.2967479E+04  1.2155232E-16
  1.3118079E+04  1.2021796E-16
  1.3268715E+04  9.3923778E-17
  1.3419315E+04  9.0937378E-17
  1.3569915E+04  1.0852626E-16
  1.3720551E+04  1.2497979E-16
  1.3871187E+04  1.2076085E-16
  1.4021823E+04  1.0390146E-16
  1.4172423E+04  1.0077082E-16
  1.4323023E+04  8.0419637E-17
  1.4473623E+04  7.7804158E-17
  1.4624295E+04  8.5216226E-17
  1.4774895E+04  7.9620985E-17
  1.4925495E+04  9.4165897E-17
  1.5076131E+04  1.0106691E-16
  1.5226731E+04  8.9146830E-17
  1.5377367E+04  7.9317595E-17
  1.5527967E+04  7.6572625E-17
  1.5678531E+04  9.2350652E-17
  1.5829203E+04  9.0430482E-17
  1.5979839E+04  7.8419157E-17
  1.6130403E+04  9.6554344E-17
  1.6281075E+04  1.0155734E-16
  1.6431676E+04  1.0365788E-16
  1.6582311E+04  7.3043304E-17
  1.6732910E+04  7.5905084E-17
  1.6883547E+04  8.2458049E-17
  1.7034146E+04  9.8665971E-17
  1.7184748E+04  9.2920097E-17
  1.7335348E+04  9.1119649E-17
  1.7486020E+04  9.8221544E-17
  1.7636619E+04  9.6227363E-17
  1.7787184E+04  9.4493275E-17
  1.7937855E+04  8.0369689E-17
  1.8088455E+04  8.2829340E-17
  1.8239127E+04  7.7043973E-17
  1.8389691E+04  9.5285145E-17
  1.8540326E+04  1.0638337E-16
  1.8690963E+04  1.1302331E-16
  1.8841562E+04  1.0848679E-16
  1.8992164E+04  1.1537362E-16
  1.9142799E+04  1.2502753E-16
  1.9293398E+04  1.1835793E-16
  1.9444035E+04  1.1782024E-16
  1.9594635E+04  1.1555036E-16
  1.9745271E+04  1.4143891E-16
  1.9895871E+04  1.5544140E-16
