288 sn2010jl halpha d1287
1287
 -5.9925557E+03  5.8424158E+02
 -5.9508853E+03  6.0768311E+02
 -5.9091968E+03  6.0485449E+02
 -5.8675083E+03  5.9799707E+02
 -5.8258198E+03  5.9860828E+02
 -5.7841313E+03  5.9968597E+02
 -5.7424429E+03  5.8243872E+02
 -5.7007544E+03  5.9855188E+02
 -5.6590664E+03  6.2789600E+02
 -5.6173779E+03  6.3386499E+02
 -5.5756895E+03  6.2301721E+02
 -5.5340010E+03  6.1877991E+02
 -5.4923125E+03  6.2765240E+02
 -5.4506240E+03  6.3470117E+02
 -5.4089355E+03  6.3832617E+02
 -5.3672471E+03  6.5648669E+02
 -5.3255586E+03  6.2143079E+02
 -5.2838882E+03  6.1316199E+02
 -5.2421997E+03  6.1198657E+02
 -5.2005112E+03  6.0120038E+02
 -5.1588228E+03  6.2174329E+02
 -5.1171343E+03  6.3000909E+02
 -5.0754458E+03  6.2038867E+02
 -5.0337573E+03  6.3184296E+02
 -4.9920693E+03  6.4997137E+02
 -4.9503809E+03  6.6646973E+02
 -4.9086924E+03  6.7543323E+02
 -4.8670039E+03  6.4518878E+02
 -4.8253154E+03  6.3662469E+02
 -4.7836270E+03  6.3112231E+02
 -4.7419385E+03  6.4447552E+02
 -4.7002681E+03  6.3940009E+02
 -4.6585796E+03  6.2204352E+02
 -4.6168911E+03  6.4089526E+02
 -4.5752026E+03  6.4790613E+02
 -4.5335142E+03  6.3467987E+02
 -4.4918257E+03  6.5539471E+02
 -4.4501372E+03  7.2410010E+02
 -4.4084487E+03  6.7171552E+02
 -4.3667607E+03  6.6261517E+02
 -4.3250723E+03  7.0650281E+02
 -4.2833838E+03  7.0262842E+02
 -4.2416953E+03  6.8894568E+02
 -4.2000068E+03  6.6955762E+02
 -4.1583364E+03  6.5754724E+02
 -4.1166479E+03  6.8266333E+02
 -4.0749595E+03  6.9896338E+02
 -4.0332532E+03  7.0454736E+02
 -3.9915647E+03  6.9485406E+02
 -3.9498762E+03  6.8255658E+02
 -3.9081877E+03  6.7758759E+02
 -3.8664993E+03  6.7923163E+02
 -3.8248108E+03  6.8071283E+02
 -3.7831226E+03  6.8167706E+02
 -3.7414341E+03  6.9387091E+02
 -3.6997456E+03  6.6617407E+02
 -3.6580571E+03  7.3198071E+02
 -3.6163687E+03  7.1384509E+02
 -3.5746804E+03  7.3641370E+02
 -3.5329919E+03  7.2505511E+02
 -3.4913035E+03  7.1753778E+02
 -3.4496150E+03  7.2453528E+02
 -3.4079265E+03  7.2613379E+02
 -3.3662380E+03  7.6035352E+02
 -3.3245498E+03  7.4837061E+02
 -3.2828613E+03  7.3882190E+02
 -3.2411729E+03  7.9163239E+02
 -3.1994844E+03  8.1054169E+02
 -3.1577959E+03  7.5507355E+02
 -3.1161077E+03  6.9186462E+02
 -3.0744192E+03  7.3993219E+02
 -3.0327664E+03  7.8854169E+02
 -2.9910779E+03  8.0600458E+02
 -2.9493896E+03  8.2960388E+02
 -2.9077012E+03  8.7292584E+02
 -2.8660127E+03  8.7828748E+02
 -2.8243242E+03  9.3122253E+02
 -2.7826357E+03  9.7422021E+02
 -2.7409475E+03  9.8773651E+02
 -2.6992590E+03  9.5898529E+02
 -2.6575706E+03  1.0301541E+03
 -2.6158821E+03  1.1026050E+03
 -2.5741936E+03  1.1012260E+03
 -2.5325051E+03  1.1641300E+03
 -2.4908169E+03  1.2451180E+03
 -2.4491284E+03  1.3415370E+03
 -2.4074399E+03  1.4170620E+03
 -2.3657515E+03  1.5034440E+03
 -2.3240630E+03  1.6085862E+03
 -2.2823748E+03  1.6937531E+03
 -2.2406863E+03  1.8261920E+03
 -2.1989978E+03  1.9718251E+03
 -2.1573093E+03  2.1527400E+03
 -2.1156208E+03  2.2839829E+03
 -2.0739324E+03  2.4339170E+03
 -2.0322440E+03  2.6970959E+03
 -1.9905557E+03  2.9325791E+03
 -1.9488672E+03  3.1685190E+03
 -1.9072145E+03  3.4402957E+03
 -1.8655261E+03  3.7243589E+03
 -1.8238376E+03  4.0724038E+03
 -1.7821492E+03  4.3478062E+03
 -1.7404608E+03  4.8074912E+03
 -1.6987723E+03  5.3175088E+03
 -1.6570839E+03  5.7818262E+03
 -1.6153955E+03  6.2828682E+03
 -1.5737070E+03  7.0000552E+03
 -1.5320186E+03  7.8708486E+03
 -1.4903302E+03  8.5991982E+03
 -1.4486417E+03  9.3904668E+03
 -1.4069534E+03  1.0261931E+04
 -1.3652649E+03  1.1295840E+04
 -1.3235764E+03  1.2490060E+04
 -1.2818881E+03  1.3707930E+04
 -1.2401996E+03  1.5026521E+04
 -1.1985111E+03  1.6481010E+04
 -1.1568228E+03  1.7960529E+04
 -1.1151343E+03  1.9536080E+04
 -1.0734458E+03  2.1057811E+04
 -1.0317574E+03  2.2500670E+04
 -9.9006897E+02  2.4085049E+04
 -9.4838055E+02  2.5636471E+04
 -9.0669214E+02  2.7120760E+04
 -8.6500372E+02  2.8712117E+04
 -8.2331525E+02  3.0339518E+04
 -7.8162683E+02  3.1738180E+04
 -7.3997412E+02  3.3076980E+04
 -6.9828571E+02  3.4338359E+04
 -6.5659729E+02  3.5386871E+04
 -6.1490881E+02  3.6195559E+04
 -5.7322040E+02  3.6826641E+04
 -5.3153198E+02  3.7208512E+04
 -4.8984354E+02  3.7288559E+04
 -4.4815512E+02  3.7367500E+04
 -4.0646667E+02  3.7240371E+04
 -3.6477826E+02  3.6778641E+04
 -3.2308981E+02  3.6018820E+04
 -2.8138351E+02  3.4926090E+04
 -2.3969508E+02  3.3817352E+04
 -1.9800665E+02  3.2662053E+04
 -1.5631822E+02  3.2020000E+04
 -1.1462978E+02  3.2867660E+04
 -7.2941353E+01  3.6204031E+04
 -3.1252922E+01  3.8668410E+04
  1.0435510E+01  3.7798391E+04
  5.2141811E+01  3.4400012E+04
  9.3812370E+01  2.9729443E+04
  1.3551868E+02  2.5246051E+04
  1.7718924E+02  2.2387959E+04
  2.1889554E+02  2.0833398E+04
  2.6056610E+02  1.9348490E+04
  3.0227240E+02  1.8086949E+04
  3.4394296E+02  1.6786000E+04
  3.8561353E+02  1.5497600E+04
  4.2728409E+02  1.4553150E+04
  4.6899039E+02  1.3527320E+04
  5.1066095E+02  1.2285720E+04
  5.5236725E+02  1.1309740E+04
  5.9403784E+02  1.0413720E+04
  6.3574414E+02  9.4307012E+03
  6.7741467E+02  8.6142539E+03
  7.1912097E+02  7.7267217E+03
  7.6079156E+02  6.8975137E+03
  8.0249786E+02  6.2808154E+03
  8.4416840E+02  6.1189858E+03
  8.8587469E+02  6.2829434E+03
  9.2754529E+02  5.9550903E+03
  9.6925159E+02  5.0201328E+03
  1.0109221E+03  3.9812070E+03
  1.0526284E+03  3.3200789E+03
  1.0942990E+03  2.8567820E+03
  1.1360052E+03  2.4885811E+03
  1.1776759E+03  2.2310779E+03
  1.2193822E+03  2.0644060E+03
  1.2610527E+03  1.9069449E+03
  1.3027590E+03  1.7531010E+03
  1.3444296E+03  1.6070320E+03
  1.3861359E+03  1.5010831E+03
  1.4278065E+03  1.4294431E+03
  1.4695128E+03  1.3555930E+03
  1.5111476E+03  1.2942581E+03
  1.5528539E+03  1.2539800E+03
  1.5945244E+03  1.1719230E+03
  1.6362307E+03  1.1077260E+03
  1.6779014E+03  1.0504800E+03
  1.7196077E+03  9.8934808E+02
  1.7612782E+03  1.0166480E+03
  1.8029845E+03  1.0217330E+03
  1.8446550E+03  9.4893573E+02
  1.8863613E+03  8.7490161E+02
  1.9280319E+03  8.7698566E+02
  1.9697382E+03  8.4499048E+02
  2.0114088E+03  8.5008331E+02
  2.0531150E+03  8.5247064E+02
  2.0947856E+03  8.3395459E+02
  2.1364919E+03  7.8802368E+02
  2.1781626E+03  8.0634711E+02
  2.2198689E+03  8.2800018E+02
  2.2615393E+03  7.9839069E+02
  2.3032456E+03  7.4168903E+02
  2.3449163E+03  7.3571411E+02
  2.3866226E+03  7.4031268E+02
  2.4282932E+03  7.4030048E+02
  2.4699995E+03  7.3497638E+02
  2.5116699E+03  7.2039691E+02
  2.5533762E+03  7.1543170E+02
  2.5950469E+03  6.9805157E+02
  2.6367173E+03  6.7325110E+02
  2.6783879E+03  6.7532538E+02
  2.7200942E+03  6.8290057E+02
  2.7617649E+03  6.6183252E+02
  2.8034712E+03  6.4337878E+02
  2.8451416E+03  6.4492163E+02
  2.8868479E+03  6.3819958E+02
  2.9285186E+03  6.6985840E+02
  2.9702249E+03  6.9243073E+02
  3.0118955E+03  6.7560309E+02
  3.0536018E+03  6.4720807E+02
  3.0952722E+03  6.3170251E+02
  3.1369785E+03  6.2445850E+02
  3.1786492E+03  6.3729688E+02
  3.2203555E+03  6.4035291E+02
  3.2620259E+03  6.2676929E+02
  3.3037322E+03  6.3228473E+02
  3.3454028E+03  6.4429279E+02
  3.3871091E+03  6.5423712E+02
  3.4287798E+03  6.5710162E+02
  3.4704861E+03  6.4985193E+02
  3.5121924E+03  6.4528979E+02
  3.5538628E+03  6.2984918E+02
  3.5955691E+03  5.9670813E+02
  3.6372397E+03  6.0603442E+02
  3.6789460E+03  6.2476147E+02
  3.7206167E+03  6.1741962E+02
  3.7622871E+03  6.0694342E+02
  3.8039934E+03  6.0878040E+02
  3.8456641E+03  5.8293872E+02
  3.8873704E+03  5.7711768E+02
  3.9290410E+03  6.0952399E+02
  3.9707473E+03  6.1768469E+02
  4.0124177E+03  6.2923114E+02
  4.0541240E+03  6.2341608E+02
  4.0957947E+03  6.3605261E+02
  4.1374653E+03  6.1741498E+02
  4.1791714E+03  6.4837689E+02
  4.2208423E+03  6.5011298E+02
  4.2625483E+03  6.3035419E+02
  4.3042188E+03  6.0430298E+02
  4.3459253E+03  6.5453467E+02
  4.3875957E+03  6.6042041E+02
  4.4293022E+03  6.6029114E+02
  4.4709727E+03  6.4699078E+02
  4.5126792E+03  6.3711377E+02
  4.5543496E+03  6.3057599E+02
  4.5960557E+03  6.6191187E+02
  4.6377266E+03  6.5943152E+02
  4.6794326E+03  6.7110107E+02
  4.7211030E+03  6.8713129E+02
  4.7628096E+03  7.1565747E+02
  4.8044800E+03  6.8093762E+02
  4.8461865E+03  6.8856488E+02
  4.8878569E+03  6.7457397E+02
  4.9295273E+03  6.5216193E+02
  4.9712339E+03  6.4821307E+02
  5.0129043E+03  6.5229523E+02
  5.0546108E+03  6.7360291E+02
  5.0962812E+03  6.7080518E+02
  5.1379878E+03  6.8014423E+02
  5.1796582E+03  7.3317102E+02
  5.2213643E+03  8.1419232E+02
  5.2630352E+03  7.9994720E+02
  5.3047412E+03  7.4019110E+02
  5.3464116E+03  6.7920551E+02
  5.3880825E+03  6.4462659E+02
  5.4297886E+03  6.0931421E+02
  5.4714595E+03  5.7636798E+02
  5.5131655E+03  5.7493622E+02
  5.5548359E+03  6.0335931E+02
  5.5965425E+03  6.0659277E+02
  5.6382129E+03  5.9591852E+02
  5.6799194E+03  5.9258362E+02
  5.7215898E+03  5.7801581E+02
  5.7632964E+03  5.6408557E+02
  5.8049668E+03  5.5997827E+02
  5.8466729E+03  5.5142792E+02
  5.8883438E+03  5.5665448E+02
  5.9300498E+03  5.6445837E+02
  5.9717207E+03  5.3257501E+02
