128 1e-20
   -16.2488755492915e+003    0.00000000000000e+000
   -16.0571911138199e+003    0.00000000000000e+000
   -15.8655584184062e+003    0.00000000000000e+000
   -15.6738397135457e+003    0.00000000000000e+000
   -15.4821555660521e+003    0.00000000000000e+000
   -15.2905397653512e+003    0.00000000000000e+000
   -15.0988384351668e+003    0.00000000000000e+000
   -14.9071712783788e+003    0.00000000000000e+000
   -14.7155041215907e+003    0.00000000000000e+000
   -14.5238370607954e+003    0.00000000000000e+000
   -14.3321699040073e+003    0.00000000000000e+000
   -14.1404857565138e+003    0.00000000000000e+000
   -13.9488014170349e+003    0.00000000000000e+000
   -13.7571513469450e+003    0.00000000000000e+000
   -13.5654842861496e+003    0.00000000000000e+000
   -13.3737999466707e+003    0.00000000000000e+000
   -13.1821499725735e+003    0.00000000000000e+000
   -12.9904828157855e+003    0.00000000000000e+000
   -12.7987985627000e+003    0.00000000000000e+000
   -12.6071314443090e+003    0.00000000000000e+000
   -12.4154814318147e+003    0.00000000000000e+000
   -12.2237971691300e+003    0.00000000000000e+000
   -12.0321300411397e+003    0.00000000000000e+000
   -11.8404629035502e+003    0.00000000000000e+000
   -11.6487957755600e+003    0.00000000000000e+000
   -11.4571286283712e+003    0.00000000000000e+000
   -11.2654615195794e+003    0.00000000000000e+000
   -11.0737944011885e+003    0.00000000000000e+000
   -10.8821272923968e+003    0.00000000000000e+000
   -10.6904258662197e+003    0.00000000000000e+000
   -10.4987930748133e+003    0.00000000000000e+000
   -10.3071259180253e+003    0.00000000000000e+000
   -10.1154244918482e+003    0.00000000000000e+000
   -9.92379160444919e+003    0.00000000000000e+000
   -9.73212444766112e+003    0.00000000000000e+000
   -9.54042311747676e+003    0.00000000000000e+000
   -9.34875605668140e+003    0.00000000000000e+000
   -9.15708889989336e+003    0.00000000000000e+000
   -8.96542183909800e+003    0.00000000000000e+000
   -8.77375449032454e+003    0.00000000000000e+000
   -8.58208733353650e+003    0.00000000000000e+000
   -8.39038600335211e+003    0.00000000000000e+000
   -8.19875311595306e+003    0.00000000000000e+000
   -8.00708595916502e+003    0.00000000000000e+000
   -7.81538462898067e+003    0.00000000000000e+000
   -7.62375174158158e+003    0.00000000000000e+000
   -7.43205041139722e+003    0.00000000000000e+000
   -7.24041752399817e+003    0.00000000000000e+000
   -7.04871619381382e+003    0.00000000000000e+000
   -6.85704903702574e+003    0.00000000000000e+000
   -6.66538197623037e+003    0.00000000000000e+000
   -6.47371481944234e+003    0.00000000000000e+000
   -6.28208193204329e+003    0.00000000000000e+000
   -6.09041487124792e+003    0.00000000000000e+000
   -5.89871354106353e+003    0.00000000000000e+000
   -5.70704638427549e+003    0.00000000000000e+000
   -5.51541349687644e+003    0.00000000000000e+000
   -5.32371216669205e+003    0.00000000000000e+000
   -5.13204500990401e+003    0.00000000000000e+000
   -4.94034319975619e+003    30.6779990000000e-015
   -4.92304099999999e+003    30.6779990000000e-015
   -4.73137789999999e+003    31.3420010000000e-015
   -4.53971479999999e+003    32.2690010000000e-015
   -4.34806929999999e+003    33.3970010000000e-015
   -4.15635250000001e+003    34.9699990000000e-015
   -3.96467160000001e+003    37.2710010000000e-015
   -3.77302640000001e+003    40.5359950000000e-015
   -3.58132760000000e+003    45.1329990000000e-015
   -3.38966460000000e+003    51.5859970000000e-015
   -3.19798339999999e+003    60.6029980000000e-015
   -3.00628440000002e+003    73.1159990000000e-015
   -2.81463919999998e+003    90.2890030000000e-015
   -2.62295830000002e+003    113.810000000000e-015
   -2.43125930000000e+003    144.920010000000e-015
   -2.23959620000000e+003    184.060000000000e-015
   -2.04791520000000e+003    230.950000000000e-015
   -1.85623409999999e+003    284.519990000000e-015
   -1.66457099999999e+003    342.350010000000e-015
   -1.47290779999998e+003    400.100010000000e-015
   -1.28122680000002e+003    453.970030000000e-015
   -1.08954590000001e+003    501.840000000000e-015
   -897.882689999988e+000    540.410000000000e-015
   -706.201660000001e+000    564.419980000000e-015
   -514.538510000020e+000    573.209990000000e-015
   -322.839659999987e+000    572.340030000000e-015
   -131.176499999985e+000    563.289970000000e-015
    60.5045130000039e+000    541.789920000000e-015
    252.167679999983e+000    511.470040000000e-015
    443.830810000006e+000    484.429990000000e-015
    635.529659999997e+000    461.190010000000e-015
    827.192869999980e+000    431.740010000000e-015
    1.01885610000000e+003    391.260020000000e-015
    1.21051920000001e+003    338.449970000000e-015
    1.40221800000002e+003    280.979990000000e-015
    1.59388120000002e+003    234.289990000000e-015
    1.78558009999999e+003    201.019960000000e-015
    1.97724319999999e+003    174.339990000000e-015
    2.16894210000000e+003    151.580000000000e-015
    2.36060520000001e+003    131.980000000000e-015
    2.55226830000001e+003    115.180000000000e-015
    2.74396729999998e+003    101.440020000000e-015
    2.93563039999998e+003    90.4889970000000e-015
    3.12732929999999e+003    81.9009980000000e-015
    3.31895679999999e+003    74.8650000000000e-015
    3.51065550000000e+003    68.3820000000000e-015
    3.70235450000001e+003    62.5500020000000e-015
    3.89401760000001e+003    57.9549970000000e-015
    4.08568040000001e+003    54.3040010000000e-015
    4.27734380000001e+003    51.0419990000000e-015
    4.46900680000001e+003    48.0990030000000e-015
    4.66070609999999e+003    45.5270010000000e-015
    4.85236909999999e+003    43.3420020000000e-015
    5.04406790000000e+003    41.5789970000000e-015
    5.23569529999999e+003    40.0469990000000e-015
    5.42739400000000e+003    38.5279980000000e-015
    5.61909329999998e+003    36.9929980000000e-015
    5.81075629999998e+003    35.4509990000000e-015
    6.00238380000002e+003    34.1280040000000e-015
    6.19408249999998e+003    33.2840000000000e-015
    6.38578119999999e+003    32.7410010000000e-015
    6.57748050000001e+003    32.2570000000000e-015
    6.76914360000002e+003    31.9440040000000e-015
    6.96080660000001e+003    31.9030010000000e-015
    7.15246970000001e+003    31.9590000000000e-015
    7.34416889999999e+003    31.9520000000000e-015
    7.53583199999999e+003    31.6610010000000e-015
    7.72749509999999e+003    30.9090010000000e-015
    7.91919380000000e+003    30.0910010000000e-015
