91 [OI] SN1987A d714
714
 -9.9941445E+03  2.1071002E-14
 -9.7944941E+03  2.1477001E-14
 -9.5948262E+03  2.2046001E-14
 -9.3951396E+03  2.2632998E-14
 -9.1954531E+03  2.3175999E-14
 -8.9958203E+03  2.3615002E-14
 -8.7961338E+03  2.4454000E-14
 -8.5964473E+03  2.6215001E-14
 -8.3967793E+03  2.8605001E-14
 -8.1970928E+03  3.1223000E-14
 -7.9974604E+03  3.3765996E-14
 -7.7977739E+03  3.5897998E-14
 -7.5980698E+03  3.7322000E-14
 -7.3984370E+03  3.7828004E-14
 -7.1987505E+03  3.7308000E-14
 -6.9991001E+03  3.5773000E-14
 -6.7994136E+03  3.3852000E-14
 -6.5997451E+03  3.2116999E-14
 -6.4000591E+03  3.0342001E-14
 -6.2004082E+03  2.8386004E-14
 -6.0007578E+03  2.6680000E-14
 -5.8010356E+03  2.5513999E-14
 -5.6013848E+03  2.4706001E-14
 -5.4017163E+03  2.4093000E-14
 -5.2020840E+03  2.3614001E-14
 -5.0023975E+03  2.3220000E-14
 -4.8027109E+03  2.2933000E-14
 -4.6030249E+03  2.2819999E-14
 -4.4033921E+03  2.3109000E-14
 -4.2037056E+03  2.3845001E-14
 -4.0040730E+03  2.4623000E-14
 -3.8043508E+03  2.5225000E-14
 -3.6046646E+03  2.5833001E-14
 -3.4050496E+03  2.6617999E-14
 -3.2053455E+03  2.7741999E-14
 -3.0056770E+03  2.9317000E-14
 -2.8060085E+03  3.1369997E-14
 -2.6063401E+03  3.3870002E-14
 -2.4066716E+03  3.6720000E-14
 -2.2069854E+03  4.0250003E-14
 -2.0072990E+03  4.4941999E-14
 -1.8076483E+03  5.3202001E-14
 -1.6079799E+03  6.9779997E-14
 -1.4082935E+03  9.5082999E-14
 -1.2086429E+03  1.2506000E-13
 -1.0089744E+03  1.5337001E-13
 -8.0928809E+02  1.7145000E-13
 -6.0961963E+02  1.7618998E-13
 -4.0996899E+02  1.6974000E-13
 -2.1028267E+02  1.5588000E-13
 -1.0614200E+01  1.3993001E-13
  1.8905428E+02  1.2461000E-13
  3.8872275E+02  1.1037000E-13
  5.8839124E+02  9.7874000E-14
  7.8805969E+02  8.7667998E-14
  9.8772815E+02  8.0231991E-14
  1.1873966E+03  7.5821002E-14
  1.3871008E+03  7.5281998E-14
  1.5867335E+03  7.9715999E-14
  1.7864020E+03  8.6937009E-14
  1.9861062E+03  9.3192998E-14
  2.1857390E+03  9.6611995E-14
  2.3854075E+03  9.6285000E-14
  2.5851116E+03  9.2409004E-14
  2.7847800E+03  8.5873000E-14
  2.9844485E+03  7.8086002E-14
  3.1841169E+03  7.0697998E-14
  3.3837856E+03  6.4015999E-14
  3.5834541E+03  5.7839001E-14
  3.7831582E+03  5.2606008E-14
  3.9827910E+03  4.8779997E-14
  4.1824595E+03  4.5865005E-14
  4.3821636E+03  4.3170000E-14
  4.5817964E+03  4.0687001E-14
  4.7815005E+03  3.8490000E-14
  4.9811333E+03  3.6733000E-14
  5.1808374E+03  3.5603000E-14
  5.3805059E+03  3.4796002E-14
  5.5801743E+03  3.3966001E-14
  5.7798428E+03  3.3182004E-14
  5.9794756E+03  3.2538002E-14
  6.1791440E+03  3.1933000E-14
  6.3788481E+03  3.1296001E-14
  6.5785166E+03  3.0782001E-14
  6.7781494E+03  3.0534000E-14
  6.9778535E+03  3.0444001E-14
  7.1775220E+03  3.0429001E-14
  7.3772266E+03  3.0677999E-14
  7.5768950E+03  3.1342001E-14
  7.7765278E+03  3.2269001E-14
  7.9761963E+03  3.3397005E-14
