102 1e-15
   -9.52326074000000e+003    67.4090040000000e-015
   -9.33157910000000e+003    60.8730000000000e-015
   -9.13989844000000e+003    53.0860020000000e-015
   -8.94823535000000e+003    45.6979980000000e-015
   -8.75655371000000e+003    39.0159990000000e-015
   -8.56489062000000e+003    32.8390010000000e-015
   -8.37317383000000e+003    27.6060010000000e-015
   -8.18154736000000e+003    23.7799970000000e-015
   -7.98986572000000e+003    20.8650050000000e-015
   -7.79814893000000e+003    18.1700000000000e-015
   -7.60650391000000e+003    15.6870010000000e-015
   -7.41482275000000e+003    13.4900000000000e-015
   -7.22317773000000e+003    11.7330000000000e-015
   -7.03147852000000e+003    10.6030000000000e-015
   -6.83979785000000e+003    9.79600200000000e-015
   -6.64809863000000e+003    8.96600100000000e-015
   -6.45647119000000e+003    8.18200400000000e-015
   -6.26479053000000e+003    7.53800200000000e-015
   -6.07312695000000e+003    6.93300000000000e-015
   -5.88141064000000e+003    6.29600100000000e-015
   -5.68974707000000e+003    5.78200100000000e-015
   -5.49810205000000e+003    5.53400000000000e-015
   -5.30642090000000e+003    5.44400100000000e-015
   -5.11472217000000e+003    5.42900100000000e-015
   -4.92304102000000e+003    5.67799900000000e-015
   -4.73137793000000e+003    6.34200100000000e-015
   -4.53971484000000e+003    7.26900100000000e-015
   -4.34806934000000e+003    8.39700100000000e-015
   -4.15635254000000e+003    9.96999900000000e-015
   -3.96467163000000e+003    12.2710010000000e-015
   -3.77302637000000e+003    15.5359950000000e-015
   -3.58132764000000e+003    20.1329990000000e-015
   -3.38966455000000e+003    26.5859970000000e-015
   -3.19798340000000e+003    35.6029980000000e-015
   -3.00628442000000e+003    48.1159990000000e-015
   -2.81463916000000e+003    65.2890030000000e-015
   -2.62295825000000e+003    88.8100000000000e-015
   -2.43125928000000e+003    119.920010000000e-015
   -2.23959619000000e+003    159.060000000000e-015
   -2.04791516000000e+003    205.950000000000e-015
   -1.85623413000000e+003    259.519990000000e-015
   -1.66457104000000e+003    317.350010000000e-015
   -1.47290784000000e+003    375.100010000000e-015
   -1.28122681000000e+003    428.970030000000e-015
   -1.08954590000000e+003    476.840000000000e-015
   -897.882690000000e+000    515.410000000000e-015
   -706.201660000000e+000    539.419980000000e-015
   -514.538513000000e+000    548.209990000000e-015
   -322.839661000000e+000    547.340030000000e-015
   -131.176498000000e+000    538.289970000000e-015
    60.5045128000000e+000    516.789920000000e-015
    252.167679000000e+000    486.470040000000e-015
    443.830811000000e+000    459.429990000000e-015
    635.529663000000e+000    436.190010000000e-015
    827.192871000000e+000    406.740010000000e-015
    1.01885608000000e+003    366.260020000000e-015
    1.21051917000000e+003    313.449970000000e-015
    1.40221802000000e+003    255.979990000000e-015
    1.59388123000000e+003    209.289990000000e-015
    1.78558008000000e+003    176.019960000000e-015
    1.97724316000000e+003    149.339990000000e-015
    2.16894214000000e+003    126.580000000000e-015
    2.36060522000000e+003    106.980000000000e-015
    2.55226831000000e+003    90.1800000000000e-015
    2.74396729000000e+003    76.4400200000000e-015
    2.93563037000000e+003    65.4889970000000e-015
    3.12732935000000e+003    56.9009980000000e-015
    3.31895679000000e+003    49.8650000000000e-015
    3.51065552000000e+003    43.3820000000000e-015
    3.70235449000000e+003    37.5500020000000e-015
    3.89401758000000e+003    32.9549970000000e-015
    4.08568042000000e+003    29.3040010000000e-015
    4.27734375000000e+003    26.0419990000000e-015
    4.46900684000000e+003    23.0990030000000e-015
    4.66070605000000e+003    20.5270010000000e-015
    4.85236914000000e+003    18.3420020000000e-015
    5.04406787000000e+003    16.5789970000000e-015
    5.23569531000000e+003    15.0469990000000e-015
    5.42739404000000e+003    13.5279980000000e-015
    5.61909326000000e+003    11.9929980000000e-015
    5.81075635000000e+003    10.4509990000000e-015
    6.00238379000000e+003    9.12800400000000e-015
    6.19408252000000e+003    8.28400000000000e-015
    6.38578125000000e+003    7.74100100000000e-015
    6.57748047000000e+003    7.25700000000000e-015
    6.76914355000000e+003    6.94400400000000e-015
    6.96080664000000e+003    6.90300100000000e-015
    7.15246973000000e+003    6.95900000000000e-015
    7.34416895000000e+003    6.95200000000000e-015
    7.53583203000000e+003    6.66100100000000e-015
    7.72749512000000e+003    5.90900100000000e-015
    7.91919385000000e+003    5.09100100000000e-015
    8.11085693000000e+003    4.57300000000000e-015
    8.30252051000000e+003    4.18100000000000e-015
    8.49421875000000e+003    3.76700100000000e-015
    8.68588184000000e+003    3.41000200000000e-015
    8.87754492000000e+003    3.15099400000000e-015
    9.06924414000000e+003    2.86500400000000e-015
    9.26090723000000e+003    2.47900100000000e-015
    9.45260645000000e+003    2.17299800000000e-015
    9.64426953000000e+003    2.03599700000000e-015
    9.83593262000000e+003    1.80300100000000e-015
