128 1e-20 
  -4.40339210000002e+003    23.1090000000000e-015
   -4.20370560000001e+003    23.8450010000000e-015
   -4.00407300000002e+003    24.6230000000000e-015
   -3.80435080000002e+003    25.2250000000000e-015
   -3.60466460000000e+003    25.8330010000000e-015
   -3.40504959999998e+003    26.6179990000000e-015
   -3.20534550000000e+003    27.7419990000000e-015
   -3.00567700000002e+003    29.3170000000000e-015
   -2.80600849999999e+003    31.3699970000000e-015
   -2.60634009999999e+003    33.8700020000000e-015
   -2.40667160000001e+003    36.7200000000000e-015
   -2.20698539999999e+003    40.2500030000000e-015
   -2.00729900000001e+003    44.9419990000000e-015
   -1.80764830000000e+003    53.2020010000000e-015
   -1.60797990000000e+003    69.7799970000000e-015
   -1.40829350000002e+003    95.0829990000000e-015
   -1.20864290000000e+003    125.060000000000e-015
   -1.00897440000002e+003    153.370010000000e-015
   -809.288089999990e+000    171.450000000000e-015
   -609.619630000019e+000    176.189980000000e-015
   -409.968989999990e+000    169.740000000000e-015
   -210.282669999980e+000    155.880000000000e-015
   -10.6141999999853e+000    139.930010000000e-015
    189.054279999991e+000    124.610000000000e-015
    388.722749999986e+000    110.370000000000e-015
    588.391239999986e+000    97.8740000000000e-015
    788.059690000020e+000    87.6679980000000e-015
    987.728149999990e+000    80.2319910000000e-015
    1.18739659999998e+003    75.8210020000000e-015
    1.38710079999999e+003    75.2819980000000e-015
    1.58673350000000e+003    79.7159990000000e-015
    1.78640199999999e+003    86.9370090000000e-015
    1.98610619999999e+003    93.1929980000000e-015
    2.18573899999999e+003    96.6119950000000e-015
    2.38540750000002e+003    96.2850000000000e-015
    2.58511160000000e+003    92.4090040000000e-015
    2.78478000000000e+003    85.8730000000000e-015
    2.98444849999998e+003    78.0860020000000e-015
    3.18411689999998e+003    70.6979980000000e-015
    3.38378560000001e+003    64.0159990000000e-015
    3.58345409999999e+003    57.8390010000000e-015
    3.78315820000002e+003    52.6060080000000e-015
    3.98279100000001e+003    48.7799970000000e-015
    4.18245950000000e+003    45.8650050000000e-015
    4.38216359999998e+003    43.1700000000000e-015
    4.58179640000002e+003    40.6870010000000e-015
    4.78150050000000e+003    38.4900000000000e-015
    4.98113330000000e+003    36.7330000000000e-015
    5.18083739999998e+003    35.6030000000000e-015
    5.38050590000001e+003    34.7960020000000e-015
    5.58017430000001e+003    33.9660010000000e-015
    5.77984279999999e+003    33.1820040000000e-015
    5.97947559999999e+003    32.5380020000000e-015
    6.17914399999998e+003    31.9330000000000e-015
    6.37884810000001e+003    31.2960010000000e-015
    6.57851659999999e+003    30.7820010000000e-015
    6.77814939999999e+003    30.5340000000000e-015
    6.97785350000002e+003    30.4440010000000e-015
    7.17752200000000e+003    30.4290010000000e-015
    7.37722660000002e+003    0.00000000000000e+000
    7.39525109793651e+003    0.00000000000000e+000
    7.59491537179366e+003    0.00000000000000e+000
    7.79457964565080e+003    0.00000000000000e+000
    7.99422558477779e+003    0.00000000000000e+000
    8.19394580039681e+003    0.00000000000000e+000
    8.39362861733333e+003    0.00000000000000e+000
    8.59327424393649e+003    0.00000000000000e+000
    8.79297570812698e+003    0.00000000000000e+000
    8.99263987780952e+003    0.00000000000000e+000
    9.19232300726985e+003    0.00000000000000e+000
    9.39202467980951e+003    0.00000000000000e+000
    9.59167030641272e+003    0.00000000000000e+000
    9.79135312334919e+003    0.00000000000000e+000
    9.99105479588889e+003    0.00000000000000e+000
    10.1907190697460e+003    0.00000000000000e+000
    10.3904019908571e+003    0.00000000000000e+000
    10.5900850161429e+003    0.00000000000000e+000
    10.7897492900000e+003    0.00000000000000e+000
    10.9894136680318e+003    0.00000000000000e+000
    11.1890965891428e+003    0.00000000000000e+000
    11.3887794060794e+003    0.00000000000000e+000
    11.5884437945286e+003    0.00000000000000e+000
    11.7881267468921e+003    0.00000000000000e+000
    11.9877910728365e+003    0.00000000000000e+000
    12.1874925891143e+003    0.00000000000000e+000
    12.3871569254762e+003    0.00000000000000e+000
    12.5868398601300e+003    0.00000000000000e+000
    12.7865042037841e+003    0.00000000000000e+000
    12.9861685088937e+003    0.00000000000000e+000
    13.1858700251714e+003    0.00000000000000e+000
    13.3855344136206e+003    0.00000000000000e+000
    13.5851988229048e+003    0.00000000000000e+000
    13.7848630967619e+003    0.00000000000000e+000
    13.9845645609524e+003    0.00000000000000e+000
    14.1842289389841e+003    0.00000000000000e+000
    14.3839305073492e+003    0.00000000000000e+000
    14.5835947812063e+003    0.00000000000000e+000
    14.7832963495714e+003    0.00000000000000e+000
    14.9829606234286e+003    0.00000000000000e+000
    15.1826248972857e+003    0.00000000000000e+000
    15.3823265698254e+003    0.00000000000000e+000
    15.5819908436825e+003    0.00000000000000e+000
    15.7816924120476e+003    0.00000000000000e+000
    15.9813195997460e+003    0.00000000000000e+000
    16.1810209597619e+003    0.00000000000000e+000
    16.3807226323016e+003    0.00000000000000e+000
    16.5803869061587e+003    0.00000000000000e+000
    16.7800508674921e+003    0.00000000000000e+000
    16.9797154538730e+003    0.00000000000000e+000
    17.1793796235556e+003    0.00000000000000e+000
    17.3790816086190e+003    0.00000000000000e+000
    17.5787457783016e+003    0.00000000000000e+000
    17.7784472424921e+003    0.00000000000000e+000
    17.9780743260159e+003    0.00000000000000e+000
    18.1777756860318e+003    0.00000000000000e+000
    18.3774776710952e+003    0.00000000000000e+000
    18.5771418407778e+003    0.00000000000000e+000
    18.7767690284762e+003    0.00000000000000e+000
    18.9764703884920e+003    0.00000000000000e+000
    19.1761717485079e+003    0.00000000000000e+000
    19.3758737335714e+003    0.00000000000000e+000
    19.5755380074286e+003    0.00000000000000e+000
    19.7752021771111e+003    0.00000000000000e+000
    19.9748664509683e+003    0.00000000000000e+000
    20.1745683318571e+003    0.00000000000000e+000
    20.3742326057143e+003    0.00000000000000e+000
    20.5738968795714e+003    0.00000000000000e+000
    20.7735982395873e+003    0.00000000000000e+000


