265 
 -1.9867174E+04 -1.6413381E-17
 -1.9716537E+04 -1.7896799E-17
 -1.9565920E+04 -3.6045116E-17
 -1.9415301E+04 -2.7387116E-17
 -1.9264719E+04 -4.8829755E-17
 -1.9114084E+04 -1.9237706E-17
 -1.8963465E+04 -1.1488255E-17
 -1.8812812E+04 -2.5292617E-17
 -1.8662230E+04 -4.1871115E-17
 -1.8511629E+04 -3.9075959E-17
 -1.8360994E+04 -1.5675933E-17
 -1.8210375E+04 -1.3083112E-17
 -1.8059775E+04 -6.9304342E-17
 -1.7909139E+04 -5.9772786E-17
 -1.7758521E+04 -4.5313880E-17
 -1.7607904E+04 -3.0743061E-18
 -1.7457268E+04 -4.2161594E-17
 -1.7306650E+04 -2.1985481E-17
 -1.7156031E+04 -7.5765509E-18
 -1.7005432E+04 -2.2949618E-17
 -1.6854814E+04 -2.3305265E-17
 -1.6704195E+04 -1.2541964E-17
 -1.6553596E+04  1.1792710E-17
 -1.6402996E+04  3.3124282E-18
 -1.6252359E+04  7.9604156E-18
 -1.6101741E+04  9.8202882E-19
 -1.5951088E+04  2.3695482E-17
 -1.5800487E+04  2.3267677E-17
 -1.5649869E+04  1.1184329E-17
 -1.5499233E+04  2.4017725E-17
 -1.5348634E+04  3.9039325E-17
 -1.5198016E+04  6.1766860E-17
 -1.5047415E+04  6.2589541E-17
 -1.4896798E+04  7.6882745E-17
 -1.4746197E+04  5.6649934E-17
 -1.4595544E+04  9.7917803E-17
 -1.4444943E+04  7.1971437E-17
 -1.4294308E+04  5.8404616E-17
 -1.4143707E+04  4.9500337E-17
 -1.3993090E+04  7.8411534E-17
 -1.3842472E+04  8.1132892E-17
 -1.3691836E+04  6.2542319E-17
 -1.3541218E+04  2.9409513E-17
 -1.3390600E+04  2.0494703E-17
 -1.3239981E+04  4.0164026E-17
 -1.3089382E+04  1.1562000E-18
 -1.2938764E+04  2.8789697E-17
 -1.2788146E+04  4.2251062E-17
 -1.2637491E+04  2.4788844E-17
 -1.2486892E+04  5.1043476E-17
 -1.2336310E+04  4.7718660E-17
 -1.2185674E+04  6.8415486E-17
 -1.2035056E+04  8.4711765E-17
 -1.1884455E+04  8.9730111E-17
 -1.1733819E+04  1.2733743E-16
 -1.1583201E+04  1.1611064E-16
 -1.1432602E+04  1.2172096E-16
 -1.1281947E+04  1.3756032E-16
 -1.1131329E+04  1.3281579E-16
 -1.0980712E+04  1.1937971E-16
 -1.0830111E+04  1.0927487E-16
 -1.0679493E+04  1.0050358E-16
 -1.0528875E+04  1.3790062E-16
 -1.0378258E+04  1.3388748E-16
 -1.0227675E+04  1.3328757E-16
 -1.0077039E+04  1.4412911E-16
 -9.9264033E+03  1.7334153E-16
 -9.7757676E+03  1.9197478E-16
 -9.6251670E+03  1.8898147E-16
 -9.4745498E+03  2.0698044E-16
 -9.3239131E+03  2.1601606E-16
 -9.1733135E+03  2.4159365E-16
 -9.0226953E+03  2.7090109E-16
 -8.8720957E+03  2.7233285E-16
 -8.7214590E+03  2.9407470E-16
 -8.5708770E+03  3.1223032E-16
 -8.4202236E+03  2.3574536E-16
 -8.2696055E+03  2.0247551E-16
 -8.1189873E+03  2.3230048E-16
 -7.9683872E+03  2.2736286E-16
 -7.8177695E+03  2.2579617E-16
 -7.6671514E+03  2.2242471E-16
 -7.5165156E+03  2.4257684E-16
 -7.3658975E+03  2.5420708E-16
 -7.2152793E+03  2.8369828E-16
 -7.0646616E+03  2.6100333E-16
 -6.9140615E+03  2.5963042E-16
 -6.7634434E+03  2.8534788E-16
 -6.6128252E+03  2.7419039E-16
 -6.4621714E+03  2.9675413E-16
 -6.3115713E+03  3.1594276E-16
 -6.1609536E+03  3.2957930E-16
 -6.0103535E+03  3.1689943E-16
 -5.8597354E+03  3.2991393E-16
 -5.7091353E+03  3.1786420E-16
 -5.5584995E+03  3.3321630E-16
 -5.4078813E+03  3.5645592E-16
 -5.2572812E+03  3.6663038E-16
 -5.1066274E+03  3.8526770E-16
 -4.9560093E+03  4.0945027E-16
 -4.8053735E+03  4.1153980E-16
 -4.6547915E+03  4.0830561E-16
 -4.5041733E+03  3.8820007E-16
 -4.3535552E+03  4.0269826E-16
 -4.2029375E+03  3.8549359E-16
 -4.0523372E+03  4.1536246E-16
 -3.9017192E+03  4.2109740E-16
 -3.7510833E+03  3.8320242E-16
 -3.6004475E+03  4.0936112E-16
 -3.4498474E+03  4.6534301E-16
 -3.2992292E+03  4.7449198E-16
 -3.1486292E+03  4.4351116E-16
 -2.9979934E+03  4.2805104E-16
 -2.8473574E+03  4.3233732E-16
 -2.6967395E+03  4.7683879E-16
 -2.5461394E+03  5.0748873E-16
 -2.3955391E+03  5.4924872E-16
 -2.2449033E+03  5.6409271E-16
 -2.0942854E+03  6.1559808E-16
 -1.9436316E+03  6.0800840E-16
 -1.7930671E+03  6.1952419E-16
 -1.6424492E+03  6.4585368E-16
 -1.4918312E+03  6.3584593E-16
 -1.3411953E+03  7.0931751E-16
 -1.1906309E+03  7.7873769E-16
 -1.0399772E+03  8.1346810E-16
 -8.8934131E+02  8.5588815E-16
 -7.3874115E+02  9.5246907E-16
 -5.8810529E+02  1.0203419E-15
 -4.3750519E+02  1.2457002E-15
 -2.8685144E+02  2.0214905E-15
 -1.3625131E+02  3.8945635E-15
  1.4366695E+01  5.6958836E-15
  1.6500256E+02  4.3383765E-15
  3.1556696E+02  1.9053955E-15
  4.6616708E+02  9.7711317E-16
  6.1683868E+02  9.0066665E-16
  7.6743884E+02  8.5937993E-16
  9.1803894E+02  8.4276025E-16
  1.0686748E+03  7.3014992E-16
  1.2193107E+03  6.1332777E-16
  1.3699465E+03  5.6398979E-16
  1.5205468E+03  4.9856492E-16
  1.6711469E+03  4.8254334E-16
  1.8217827E+03  4.8833122E-16
  1.9723828E+03  4.9491812E-16
  2.1229829E+03  4.6592027E-16
  2.2736189E+03  4.8677739E-16
  2.4242190E+03  4.9601757E-16
  2.5748547E+03  4.5194327E-16
  2.7254551E+03  4.3901882E-16
  2.8760908E+03  4.6583530E-16
  3.0266909E+03  4.8725650E-16
  3.1773269E+03  4.6875597E-16
  3.3279626E+03  4.4788466E-16
  3.4785627E+03  4.3236881E-16
  3.6291987E+03  4.4852824E-16
  3.7797632E+03  4.4168337E-16
  3.9304348E+03  4.4295043E-16
  4.0810349E+03  4.2091010E-16
  4.2316709E+03  3.9795244E-16
  4.3822710E+03  4.0795542E-16
  4.5328711E+03  4.2956588E-16
  4.6835068E+03  4.2787816E-16
  4.8341069E+03  3.9070993E-16
  4.9847070E+03  4.0237959E-16
  5.1353428E+03  4.3932920E-16
  5.2859429E+03  4.7772356E-16
  5.4365791E+03  4.5113144E-16
  5.5872148E+03  3.8652766E-16
  5.7378506E+03  3.5801012E-16
  5.8884507E+03  3.2968439E-16
  6.0390508E+03  3.2777920E-16
  6.1896870E+03  3.3198842E-16
  6.3403228E+03  3.6224682E-16
  6.4908872E+03  3.3875521E-16
  6.6414873E+03  2.9983352E-16
  6.7921587E+03  3.0420278E-16
  6.9427588E+03  3.0188890E-16
  7.0933950E+03  3.2899887E-16
  7.2439951E+03  2.9933816E-16
  7.3945952E+03  2.6764910E-16
  7.5452666E+03  2.6632950E-16
  7.6958667E+03  2.5570855E-16
  7.8465029E+03  2.5787415E-16
  7.9971030E+03  2.4513292E-16
  8.1477031E+03  2.1573421E-16
  8.2983027E+03  2.1111079E-16
  8.4489385E+03  2.1724251E-16
  8.5995391E+03  1.8607715E-16
  8.7501748E+03  2.1308109E-16
  8.9008105E+03  2.1303265E-16
  9.0514111E+03  1.9963894E-16
  9.2020469E+03  1.7835609E-16
  9.3526465E+03  1.5494297E-16
  9.5032471E+03  1.3909610E-16
  9.6538828E+03  1.6549166E-16
  9.8045186E+03  1.7109266E-16
  9.9551191E+03  1.5142302E-16
  1.0105755E+04  1.7732296E-16
  1.0256354E+04  1.8261314E-16
  1.0406991E+04  1.9097454E-16
  1.0557591E+04  1.5817701E-16
  1.0708191E+04  1.7060324E-16
  1.0858827E+04  1.4658212E-16
  1.1009427E+04  1.3208288E-16
  1.1160027E+04  1.4605177E-16
  1.1310699E+04  1.4382048E-16
  1.1461299E+04  1.3292202E-16
  1.1611899E+04  1.4373561E-16
  1.1762535E+04  1.3630925E-16
  1.1913171E+04  1.0634245E-16
  1.2063771E+04  1.1152142E-16
  1.2214371E+04  9.7993453E-17
  1.2365007E+04  9.7546802E-17
  1.2515643E+04  1.1403965E-16
  1.2666243E+04  9.5463842E-17
  1.2816808E+04  8.8348706E-17
  1.2967479E+04  8.7635299E-17
  1.3118079E+04  8.6371632E-17
  1.3268715E+04  6.0148392E-17
  1.3419315E+04  5.7233116E-17
  1.3569915E+04  7.4893065E-17
  1.3720551E+04  9.1417837E-17
  1.3871187E+04  8.7270493E-17
  1.4021823E+04  7.0482670E-17
  1.4172423E+04  6.7423717E-17
  1.4323023E+04  4.7144477E-17
  1.4473623E+04  4.4600837E-17
  1.4624259E+04  5.2085168E-17
  1.4774895E+04  4.6562142E-17
  1.4925495E+04  6.1179496E-17
  1.5076131E+04  6.8153171E-17
  1.5226731E+04  5.6305668E-17
  1.5377367E+04  4.6549331E-17
  1.5527967E+04  4.3877313E-17
  1.5678567E+04  5.9728475E-17
  1.5829203E+04  5.7881573E-17
  1.5979839E+04  4.5943649E-17
  1.6130439E+04  6.4152370E-17
  1.6281075E+04  6.9229009E-17
  1.6431676E+04  7.1403501E-17
  1.6582311E+04  4.0862752E-17
  1.6732910E+04  4.3798724E-17
  1.6883547E+04  5.0425883E-17
  1.7034146E+04  6.6708186E-17
  1.7184748E+04  6.1036929E-17
  1.7335348E+04  5.9311047E-17
  1.7486020E+04  6.6487798E-17
  1.7636619E+04  6.4568494E-17
  1.7787219E+04  6.2909561E-17
  1.7937855E+04  4.8861125E-17
  1.8088490E+04  5.1396318E-17
  1.8239127E+04  4.5686390E-17
  1.8389691E+04  6.4003186E-17
  1.8540326E+04  7.5177218E-17
  1.8690963E+04  8.1893131E-17
  1.8841562E+04  7.7432688E-17
  1.8992164E+04  8.4395716E-17
  1.9142799E+04  9.4126113E-17
  1.9293398E+04  8.7533047E-17
  1.9444035E+04  8.7071969E-17
  1.9594635E+04  8.4878869E-17
  1.9745234E+04  1.1084432E-16
  1.9895871E+04  1.2492399E-16
